       0.0     5.5052e+09
  0.013095     3.1315e+05
   0.02619     2.0168e+05
  0.039286     1.5188e+05
  0.052381     4.3027e+05
  0.065476     2.2292e+05
  0.078571     4.4633e+04
  0.091667     5.8054e+05
   0.10476      1.262e+05
   0.11786       1.82e+05
   0.13095     7.8712e+04
   0.14405     1.8577e+04
   0.15714      3.885e+04
   0.17024      3.559e+04
   0.18333     2.4224e+05
   0.19643     1.6027e+06
   0.20952     2.4432e+05
   0.22262      5.477e+04
   0.23571     8.6443e+04
   0.24881         715.91
    0.2619     2.3977e+04
     0.275         7381.0
    0.2881     2.2823e+04
   0.30119         7946.0
   0.31429         2575.9
   0.32738         8581.4
   0.34048         7040.9
   0.35357         2756.5
   0.36667         5632.9
   0.37976      2.992e+04
   0.39286     3.4521e+04
   0.40595         8697.6
   0.41905         735.05
   0.43214         1816.1
   0.44524     3.1035e+04
   0.45833     1.0932e+04
   0.47143         2166.3
   0.48452     1.4325e+04
   0.49762         3216.0
   0.51071         7947.3
   0.52381     1.2963e+04
    0.5369         1677.9
      0.55         5203.0
    0.5631     1.4997e+04
   0.57619     2.6495e+04
   0.58929     1.8827e+04
   0.60238     3.0737e+04
   0.61548         4365.7
   0.62857         427.14
   0.64167     1.1751e+04
   0.65476     1.3037e+04
   0.66786     4.5068e+04
   0.68095     3.5463e+04
   0.69405     1.1934e+04
   0.70714     1.2491e+04
   0.72024         193.36
   0.73333         7474.9
   0.74643         1563.1
   0.75952         7492.0
   0.77262     1.7016e+04
   0.78571         3724.3
   0.79881         8157.7
    0.8119     1.2492e+04
     0.825     1.4641e+04
