       0.0     3.1031e+10
 0.0037736     8.2621e+06
 0.0075472     4.5233e+06
  0.011321     4.3845e+04
  0.015094     1.1857e+05
  0.018868     4.0268e+06
  0.022642     2.5414e+05
  0.026415     1.4612e+06
  0.030189     2.2418e+05
  0.033962     1.5869e+06
  0.037736     1.0491e+06
  0.041509     2.8632e+06
  0.045283     5.0191e+06
  0.049057     1.2537e+08
   0.05283     1.3985e+06
  0.056604      1.113e+06
  0.060377     7.5743e+05
  0.064151     4.0607e+04
  0.067925     1.6191e+05
  0.071698     3.3207e+04
  0.075472      1.342e+05
  0.079245         8766.2
  0.083019     6.6539e+04
  0.086792         5343.2
  0.090566     7.9556e+05
   0.09434     2.0198e+05
  0.098113     1.7228e+07
   0.10189     1.2739e+05
   0.10566     6.1211e+05
   0.10943     3.7882e+05
   0.11321      2.054e+05
   0.11698     2.5314e+05
   0.12075     2.3456e+04
   0.12453     1.0432e+04
    0.1283     1.1696e+05
   0.13208     2.1759e+04
   0.13585     4.0404e+04
   0.13962      2.695e+05
    0.1434      7.124e+04
   0.14717     2.0936e+06
   0.15094     3.0734e+05
   0.15472     7.6842e+04
   0.15849     6.1791e+04
   0.16226      1.777e+05
   0.16604     1.7876e+05
   0.16981     1.1678e+05
   0.17358         3825.8
   0.17736     7.3824e+04
   0.18113     5.6884e+04
   0.18491     1.0198e+05
   0.18868     5.7292e+04
   0.19245     1.1132e+05
   0.19623     6.2362e+05
       0.2     3.5228e+04
   0.20377     3.4982e+04
   0.20755         5084.1
   0.21132     1.5114e+04
   0.21509     8.3523e+04
   0.21887     1.7347e+05
   0.22264     2.6203e+04
   0.22642     1.0635e+04
   0.23019      1.287e+04
   0.23396         9373.5
   0.23774         9867.3
   0.24151     6.8576e+04
   0.24528     1.2785e+04
   0.24906      1.052e+04
   0.25283         1875.4
    0.2566         239.62
   0.26038         9232.7
   0.26415         2388.3
   0.26792         3523.9
    0.2717     8.8178e+04
   0.27547         1971.1
   0.27925     1.4752e+04
   0.28302         9148.0
   0.28679     2.2151e+04
   0.29057     4.8519e+04
   0.29434     9.6003e+04
   0.29811         3011.6
   0.30189     3.5487e+04
   0.30566     3.6459e+04
   0.30943     3.9174e+04
   0.31321     9.4793e+04
   0.31698         3230.1
   0.32075     4.3121e+04
   0.32453         5478.2
    0.3283         6389.0
   0.33208     1.4732e+04
   0.33585         5768.7
   0.33962     2.8044e+04
    0.3434     5.0083e+04
   0.34717     3.0037e+04
   0.35094     4.8925e+04
   0.35472     5.9361e+04
   0.35849     4.9634e+04
   0.36226     1.2025e+04
   0.36604     4.3237e+04
   0.36981         2653.8
   0.37358     1.0497e+04
   0.37736         1223.7
   0.38113     1.2874e+04
   0.38491     7.8927e+04
   0.38868         3325.2
   0.39245     2.7771e+04
   0.39623     3.9842e+04
       0.4     2.8944e+04
   0.40377     1.9332e+04
   0.40755      3.245e+04
   0.41132     1.2917e+04
   0.41509     4.3658e+04
   0.41887     3.8647e+04
   0.42264     8.3917e+04
   0.42642     2.2875e+04
   0.43019         9780.8
   0.43396         591.77
   0.43774     1.1793e+04
   0.44151     4.4857e+04
   0.44528     1.0729e+04
   0.44906         3253.8
   0.45283     2.0944e+04
    0.4566     1.8517e+04
   0.46038         7788.3
   0.46415         3902.6
   0.46792     3.6646e+04
    0.4717         2371.8
   0.47547     2.4127e+04
   0.47925     6.4869e+04
   0.48302     1.2857e+04
   0.48679      1.019e+04
   0.49057      1.719e+04
   0.49434     3.4391e+04
   0.49811     2.8304e+04
