       0.0     7.7584e+09
  0.010924     3.0744e+04
  0.021849     1.1677e+05
  0.032773     2.3753e+05
  0.043697     1.4185e+04
  0.054622     9.9815e+04
  0.065546      9.303e+04
  0.076471     2.9037e+05
  0.087395      4.343e+05
  0.098319      2.895e+05
   0.10924     8.5971e+04
   0.12017     3.3131e+05
   0.13109     2.5641e+05
   0.14202     8.9571e+04
   0.15294     3.7807e+05
   0.16387     1.0976e+05
   0.17479     1.0955e+05
   0.18571     1.5705e+06
   0.19664      8.846e+06
   0.20756     6.7293e+05
   0.21849     1.6871e+05
   0.22941     4.9157e+04
   0.24034     1.2648e+05
   0.25126     1.4009e+05
   0.26218     6.0841e+04
   0.27311     2.9658e+04
   0.28403     8.9675e+04
   0.29496      1.219e+05
   0.30588         9677.0
   0.31681     1.5207e+04
   0.32773         2781.2
   0.33866     7.7645e+04
   0.34958     4.7949e+04
    0.3605     2.4963e+04
   0.37143     2.3341e+04
   0.38235     1.8066e+05
   0.39328     1.7595e+05
    0.4042     3.7106e+04
   0.41513     6.3571e+04
   0.42605     3.1277e+04
   0.43697     7.6712e+04
    0.4479     6.0673e+04
   0.45882         621.36
   0.46975     1.2866e+04
   0.48067         2468.8
    0.4916     5.5379e+04
   0.50252         7525.1
   0.51345         5157.3
   0.52437         9495.8
   0.53529      1.427e+04
   0.54622         1997.5
   0.55714         3389.3
   0.56807         8584.3
   0.57899     1.0314e+05
   0.58992      2.945e+04
   0.60084      1.698e+04
   0.61176     1.4792e+04
   0.62269     2.6802e+04
   0.63361      2.215e+04
   0.64454     4.2205e+04
