  200       151996          689
  201       152686          690
  202       153402          716
  203       154186          784
  204       155012          826
  205       155755          743
  206       156471          716
  207       157161          690
  208       157878          717
  209       158635          757
  210       159446          811
  211       160217          771
  212       160947          730
  213       161662          715
  214       162339          677
  215       163055          716
  216       163800          745
  217       164597          797
  218       165354          757
  219       166084          730
  220       166773          689
  221       167463          690
  222       168166          703
  223       168909          743
  224       169680          771
  225       170450          770
  226       171181          731
  227       171884          703
  228       172588          704
  229       173331          743
  230       174142          811
  231       174953          811
  232       175724          771
  233       176454          730
  234       177170          716
  235       177928          758
  236       178739          811
  237       179523          784
  238       180280          757
  239       181010          730
  240       181699          689
  241       182376          677
  242       183078          702
  243       183822          744
  244       184687          865
  245       185512          825
  246       186243          731
  247       186945          702
  248       187635          690
  249       188324          689
  250       189109          785
  251       189946          837
  252       190704          758
  253       191367          663
  254       192029          662
  255       192692          663
  256       193381          689
  257       194165          784
  258       194976          811
  259       195733          757
  260       196450          717
  261       197139          689
  262       197816          677
  263       198532          716
  264       199289          757
  265       200087          798
  266       200844          757
  267       201561          717
  268       202250          689
  269       202953          703
  270       203683          730
  271       204481          798
  272       205224          743
  273       205941          717
  274       206630          689
  275       207320          690
  276       208050          730
  277       208847          797
  278       209713          866
  279       210497          784
  280       211214          717
  281       211916          702
  282       212606          690
  283       213323          717
  284       214107          784
  285       214904          797
  286       215662          758
  287       216392          730
  288       217081          689
  289       217785          704
  290       218501          716
  291       219298          797
  292       220028          730
  293       220745          717
  294       221434          689
  295       222151          717
  296       222936          785
  297       223774          838
  298       224572          798
  299       225302          730
  300       226004          702
  301       226680          676
  302       227356          676
  303       228060          704
  304       228831          771
  305       229642          811
  306       230372          730
  307       231088          716
  308       231818          730
  309       232602          784
  310       233427          825
  311       234278          851
  312       235023          745
  313       235739          716
  314       236429          690
  315       237131          702
  316       237875          744
  317       238646          771
  318       239389          743
