  175       113653          567
  176       114207          554
  177       114762          555
  178       115344          582
  179       115924          580
  180       116533          609
  181       117169          636
  182       117790          621
  183       118398          608
  184       118980          582
  185       119575          595
  186       120170          595
  187       120792          622
  188       121427          635
  189       122049          622
  190       122644          595
  191       123212          568
  192       123780          568
  193       124335          555
  194       124915          580
  195       125538          623
  196       126146          608
  197       126781          635
  198       127417          636
  199       128038          621
  200       128620          582
  201       129188          568
  202       129756          568
  203       130337          581
  204       130919          582
  205       131527          608
  206       132135          608
  207       132757          622
  208       133352          595
  209       133920          568
  210       134488          568
  211       135069          581
  212       135651          582
  213       136231          580
  214       136826          595
  215       137408          582
  216       137976          568
  217       138544          568
  218       139098          554
  219       139653          555
  220       140248          595
  221       140843          595
  222       141464          621
  223       142086          622
  224       142694          608
  225       143303          609
  226       143870          567
  227       144439          569
  228       145019          580
  229       145588          569
  230       146169          581
  231       146737          568
  232       147318          581
  233       147886          568
  234       148427          541
  235       148968          541
  236       149522          554
  237       150076          554
  238       150644          568
  239       151226          582
  240       151821          595
  241       152401          580
  242       152970          569
  243       153524          554
  244       154078          554
  245       154619          541
  246       155187          568
  247       155755          568
  248       156350          595
  249       156972          622
  250       157593          621
  251       158188          595
  252       158770          582
  253       159351          581
  254       159932          581
  255       160568          636
  256       161189          621
  257       161839          650
  258       162501          662
  259       163123          622
  260       163718          595
  261       164299          581
  262       164868          569
  263       165463          595
  264       166043          580
  265       166625          582
  266       167206          581
  267       167787          581
  268       168342          555
  269       168896          554
  270       169450          554
  271       169992          542
  272       170572          580
  273       171154          582
  274       171762          608
  275       172398          636
  276       173006          608
  277       173615          609
  278       174196          581
  279       174777          581
  280       175372          595
  281       175967          595
  282       176562          595
  283       177157          595
  284       177752          595
  285       178333          581
  286       178887          554
  287       179456          569
  288       180009          553
  289       180604          595
  290       181199          595
  291       181821          622
  292       182457          636
  293       183078          621
  294       183673          595
  295       184255          582
  296       184837          582
  297       185445          608
  298       186053          608
  299       186675          622
  300       187283          608
