         0          346
         1          347
         2          348
         7          360
        15          362
        24          365
        33          357
        43          351
        52          336
        62          335
        71          324
        80          325
        90          322
        99          322
       108          322
       118          327
       130          323
       140          323
       150          298
       160          361
       171          499
       181          645
       191          539
       202          360
       212          313
       223          316
       233          307
       243          314
       253          312
       265          316
       275          315
       285          320
       295          320
       306          324
       316          324
       327          328
       337          332
       348          335
       358          340
       368          342
       378          348
       389          346
       400          353
       410          347
       420          351
       431          346
       441          348
       451          334
       462          334
       473          324
       483          325
       493          321
       503          324
       514          321
       524          326
       535          325
       545          330
       556          330
       566          334
       576          335
       586          338
       598          337
       608          335
       618          338
       628          336
       638          336
       649          331
       660          335
       670          330
       680          335
       691          332
       701          335
       711          333
       721          343
       733          343
       743          353
       753          358
       763          362
       774          360
       784          360
       795          341
       805          334
       816          323
       826          322
       836          321
       846          324
       857          325
       868          325
       878          324
       888          319
       899          303
       909          360
       919          510
       930          643
       941          523
       951          355
       961          325
       971          314
       982          314
       993          312
      1003          318
      1014          317
      1026          324
      1037          328
      1048          326
      1060          335
      1072          332
      1083          342
      1094          342
      1105          344
      1117          349
      1129          350
      1140          357
      1152          350
      1163          354
      1174          349
      1185          348
      1198          343
      1209          337
      1220          335
      1231          323
      1243          329
      1254          326
      1266          329
      1277          333
      1289          331
      1300          338
      1311          334
      1323          341
      1335          341
      1346          343
      1357          341
      1369          341
      1380          342
      1392          333
      1403          340
      1415          336
      1426          337
      1437          340
      1448          339
      1461          347
      1472          347
      1483          362
      1495          366
      1506          369
      1517          364
      1529          348
      1541          340
      1552          325
      1563          331
      1574          326
      1586          328
      1598          330
      1609          328
      1620          329
      1632          304
      1643          371
      1654          526
      1667          634
      1678          453
      1689          334
      1700          324
      1712          314
      1724          318
      1735          315
      1746          317
      1758          323
      1769          321
      1780          327
      1793          327
      1804          335
      1815          333
      1826          337
      1838          341
      1849          341
      1861          350
      1872          345
      1884          348
      1895          343
      1906          343
      1917          342
      1930          336
      1941          335
      1952          325
      1964          326
      1975          322
      1986          324
      1998          324
      2010          324
      2021          330
      2032          327
      2043          334
      2055          334
      2067          337
      2078          339
      2089          336
      2101          340
      2112          334
      2124          337
      2136          334
      2147          332
      2158          334
      2169          329
      2181          331
      2193          327
      2204          333
      2215          333
      2227          339
      2238          344
      2249          350
      2262          360
      2273          357
      2284          355
      2295          336
      2307          329
      2318          323
      2330          318
      2341          322
      2353          317
      2364          322
      2375          320
      2386          318
      2399          297
      2410          364
      2421          531
      2433          626
      2444          436
      2456          318
      2467          311
      2479          307
      2490          302
      2501          310
      2512          307
      2525          313
      2536          314
      2547          319
      2558          323
      2570          321
      2581          330
      2593          329
      2605          335
      2616          337
      2627          340
      2638          344
      2650          340
      2662          344
      2673          340
      2684          340
      2696          332
      2707          325
      2718          323
      2731          317
      2742          320
      2753          316
      2764          320
      2776          321
      2787          322
      2799          326
      2810          326
      2822          333
      2833          331
      2844          336
      2856          336
      2868          336
      2879          338
      2890          332
      2902          337
      2913          330
      2925          332
      2936          332
      2948          331
      2959          334
      2970          328
      2981          332
      2994          328
      3005          332
      3016          331
      3027          331
      3039          334
      3050          330
      3062          333
      3074          329
      3085          332
      3096          332
      3107          334
      3119          341
      3131          343
      3142          357
      3153          358
      3165          361
      3176          353
      3188          336
      3200          332
      3211          319
      3222          322
      3233          318
      3245          321
      3257          321
      3268          320
      3279          316
      3291          295
      3302          396
      3313          568
      3325          631
      3337          411
      3348          313
      3359          320
      3371          310
      3382          313
      3394          312
      3405          318
      3417          321
      3428          320
      3439          329
      3450          328
      3463          336
      3474          336
      3485          342
      3496          345
      3508          348
      3519          353
      3531          349
      3543          355
      3554          350
      3565          350
      3576          350
      3589          342
      3600          341
      3611          329
      3622          330
      3634          324
      3645          323
      3657          327
      3668          327
      3680          336
      3691          333
      3702          342
      3714          339
      3726          343
      3737          347
      3748          343
      3760          348
      3771          342
      3782          345
      3794          341
      3806          343
      3817          343
      3828          339
      3840          343
      3851          338
      3863          343
      3874          340
      3886          344
      3897          343
      3908          338
      3920          344
      3932          338
      3943          344
      3954          341
      3965          344
      3977          343
      3989          343
      4000          347
      4012          340
      4023          345
      4034          343
      4045          349
      4058          352
      4069          355
      4080          371
      4091          368
      4103          374
      4114          357
      4126          346
      4137          337
      4149          329
      4160          336
      4171          330
      4183          335
      4195          334
      4206          332
      4217          308
      4229          357
      4240          522
      4251          653
      4263          494
      4275          343
      4286          330
      4297          321
      4308          316
      4321          326
      4332          320
      4343          327
      4355          328
      4366          333
      4377          334
      4389          334
      4401          346
      4412          344
      4423          352
      4434          351
      4446          357
      4458          358
      4469          359
      4481          364
      4492          355
      4503          360
      4514          352
      4527          346
      4538          341
      4549          333
      4560          334
      4572          326
      4583          333
      4595          328
      4606          335
      4618          336
      4629          337
      4640          346
      4653          339
      4664          348
      4675          345
      4686          347
      4698          346
      4709          342
      4721          343
      4732          339
      4744          343
      4755          341
      4766          340
      4777          339
      4790          340
      4801          344
      4812          341
      4824          346
      4835          346
      4846          352
      4858          359
      4870          367
      4881          370
      4892          371
      4903          361
      4915          344
      4927          338
      4938          334
      4950          330
      4961          334
      4972          330
      4983          338
      4996          333
      5007          311
      5018          342
      5029          483
      5041          645
      5053          518
      5064          359
      5075          332
      5087          322
      5098          320
      5109          320
      5122          328
      5133          325
      5144          332
      5155          331
      5167          333
      5178          337
      5190          336
      5201          343
      5213          341
      5224          348
      5235          350
      5246          353
      5259          355
      5270          348
      5281          350
      5293          346
      5304          345
      5315          339
      5327          333
      5339          329
      5350          324
      5361          327
      5372          323
      5385          327
      5396          327
      5407          330
      5419          335
      5430          333
      5441          337
      5453          333
      5465          337
      5476          335
      5487          333
      5498          332
      5510          332
      5522          335
      5533          331
      5544          331
      5556          328
      5567          332
      5578          330
      5591          327
      5602          333
      5613          335
      5624          344
      5636          346
      5647          356
      5659          362
      5670          359
      5682          352
      5693          332
      5704          327
      5715          319
      5728          320
      5739          321
      5750          320
      5762          326
      5773          319
      5785          304
      5796          327
      5808          463
      5819          633
      5830          530
      5841          351
      5854          316
      5865          315
      5876          309
      5888          311
      5899          315
      5910          315
      5922          321
      5934          319
      5945          326
      5956          329
      5967          330
      5979          333
      5991          333
      6002          341
      6013          341
      6025          347
      6036          346
      6047          346
      6060          348
      6071          341
      6082          341
      6093          329
      6105          325
      6117          319
      6128          316
      6139          318
      6151          315
      6162          320
      6173          317
      6185          324
      6197          326
      6208          328
      6219          333
      6231          330
      6242          335
      6254          332
      6265          335
      6277          331
      6288          330
      6299          332
      6310          328
      6323          333
      6334          328
      6345          330
      6356          331
      6368          330
      6379          332
      6391          327
      6403          332
      6414          329
      6425          332
      6436          333
      6448          338
      6460          346
      6471          346
      6482          363
      6494          359
      6505          360
      6517          345
      6529          331
      6540          329
      6551          319
      6562          324
      6574          320
      6586          324
      6597          325
      6608          317
      6620          298
      6631          379
      6642          560
      6654          639
      6666          428
      6677          316
      6688          312
      6700          311
      6711          305
      6723          312
      6734          311
      6746          317
      6757          320
      6768          322
      6779          329
      6792          326
      6803          335
      6814          337
      6825          344
      6837          347
      6849          349
      6860          353
      6872          348
      6883          352
      6894          350
      6905          350
      6918          343
      6929          336
      6940          333
      6951          324
      6963          327
      6974          322
      6986          327
      6998          329
      7009          329
      7020          336
      7031          334
      7043          342
      7055          340
      7066          343
      7077          345
      7089          342
      7100          346
      7111          340
      7123          344
      7135          339
      7146          342
      7157          341
      7169          339
      7180          341
      7192          337
      7203          341
      7215          338
      7226          341
      7237          341
      7249          339
      7261          343
      7272          346
      7283          353
      7294          354
      7306          368
      7318          367
      7329          364
      7341          356
      7352          339
      7363          337
      7374          325
      7387          326
      7398          327
      7409          324
      7420          331
      7432          323
      7443          302
      7455          361
      7467          532
      7478          653
      7489          464
      7500          338
      7512          321
      7524          317
      7535          312
      7546          317
      7558          320
      7569          318
      7581          327
      7592          324
      7604          330
      7615          332
      7626          334
      7638          339
      7650          338
      7661          348
      7672          344
      7684          353
      7695          349
      7706          349
      7718          349
      7730          344
      7741          346
      7752          335
      7763          332
      7775          325
      7787          323
      7798          326
      7810          321
      7821          327
      7832          326
      7843          335
      7856          335
      7867          337
      7878          340
      7889          336
      7901          342
      7912          339
      7924          341
      7936          337
      7947          336
      7958          338
      7969          334
      7982          338
      7993          334
      8004          339
      8015          333
      8027          337
      8038          345
      8050          344
      8061          353
      8073          361
      8084          366
      8095          361
      8107          347
      8119          338
      8130          329
      8141          327
      8153          322
      8164          328
      8175          325
      8187          327
      8199          328
      8210          300
      8221          355
      8232          516
      8244          650
      8256          472
      8267          348
      8279          330
      8290          315
      8301          320
      8313          319
      8325          324
      8336          326
      8347          328
      8358          334
      8370          333
      8382          340
      8393          339
      8404          347
      8416          347
      8427          350
      8438          355
      8451          354
      8462          358
      8473          350
      8484          353
      8496          350
      8507          348
      8519          343
      8530          335
      8542          335
      8553          327
      8564          330
      8576          329
      8588          330
      8599          334
      8610          332
      8622          339
      8633          336
      8644          341
      8656          339
      8668          341
      8679          339
      8690          335
      8701          338
      8714          332
      8725          336
      8736          335
      8748          334
      8759          336
      8770          332
      8782          337
      8794          337
      8805          346
      8816          351
      8827          360
      8839          362
      8851          358
      8862          348
      8873          331
      8885          328
      8896          323
      8907          323
      8920          323
      8931          320
      8942          326
      8953          320
      8965          297
      8976          343
      8988          504
      8999          650
      9011          484
      9022          340
      9033          317
      9046          311
      9057          307
      9068          309
      9079          314
      9091          310
      9102          318
      9114          317
      9125          324
      9137          326
      9148          328
      9159          333
      9170          335
      9183          341
      9194          339
      9205          345
      9217          343
      9228          339
      9239          340
      9251          337
      9263          337
      9274          327
      9285          326
      9296          319
      9308          316
      9320          319
      9331          316
      9342          322
      9354          320
      9365          329
      9376          331
      9389          333
      9400          336
      9411          335
      9422          339
      9434          334
      9446          336
      9457          334
      9468          333
      9480          335
      9491          331
      9502          337
      9515          333
      9526          335
      9537          334
      9548          332
      9560          333
      9571          331
      9583          336
      9594          333
      9606          338
      9617          340
      9628          344
      9639          355
      9652          360
      9663          367
      9674          357
      9686          345
      9697          336
      9708          326
      9720          324
      9732          322
      9743          326
      9754          325
      9765          328
      9778          319
      9789          294
      9800          384
      9811          564
      9823          654
      9834          433
      9846          320
      9858          315
      9869          310
      9880          313
      9891          309
      9903          319
      9915          319
      9926          324
      9937          326
      9949          329
      9960          336
      9971          336
      9984          343
      9995          343
     10006          349
     10018          352
     10031          352
     10044          355
     10056          351
     10068          348
     10081          347
     10093          337
     10105          333
     10119          331
     10131          325
     10143          329
     10156          329
     10168          330
     10181          337
     10193          336
     10206          343
     10218          345
     10230          342
     10244          349
     10256          347
     10268          345
     10280          347
     10293          342
     10305          345
     10318          346
     10331          341
     10343          346
     10355          343
     10368          342
     10381          346
     10393          342
     10405          344
     10418          346
     10430          345
     10443          354
     10456          355
     10468          360
     10480          376
     10492          371
     10505          372
     10518          358
     10530          340
     10543          337
     10555          334
     10567          332
     10580          336
     10593          334
     10605          338
     10617          312
     10630          339
     10643          519
     10655          666
     10668          470
     10680          337
     10692          326
     10704          321
     10718          320
     10730          320
     10742          327
     10755          328
     10767          331
     10780          338
     10792          338
     10805          343
     10817          345
     10829          347
     10843          356
     10855          354
     10867          358
     10880          360
     10892          352
     10904          354
     10917          348
     10930          340
     10942          340
     10954          331
     10967          331
     10980          331
     10992          326
     11004          334
     11017          334
     11029          337
     11042          342
     11055          339
     11067          345
     11079          345
     11091          339
     11104          343
     11117          340
     11129          338
     11142          340
     11154          336
     11166          336
     11180          338
     11192          334
     11204          341
     11216          340
     11229          345
     11242          353
     11254          360
     11267          367
     11279          368
     11291          350
     11303          340
     11317          330
     11329          323
     11341          329
     11354          322
     11366          326
     11379          327
     11392          313
     11404          306
     11416          428
     11428          630
     11442          536
     11454          348
     11466          321
     11479          312
     11491          307
     11503          314
     11516          317
     11529          319
     11541          323
     11553          322
     11566          330
     11579          333
     11591          333
     11603          342
     11616          342
     11628          345
     11641          353
     11654          347
     11666          345
     11678          345
     11691          342
     11703          341
     11716          331
     11728          326
     11741          326
     11753          322
     11765          322
     11779          327
     11791          326
     11803          332
     11815          334
     11828          335
     11841          338
     11853          335
     11866          337
     11878          335
     11890          332
     11902          335
     11916          332
     11928          331
     11940          333
     11953          329
     11965          333
     11978          338
     11991          338
     12003          353
     12015          357
     12027          357
     12041          347
     12053          328
     12065          325
     12078          316
     12090          314
     12102          318
     12115          314
     12128          316
     12140          308
     12152          297
     12165          428
     12178          626
     12190          529
     12203          345
     12215          312
     12227          304
     12240          304
     12253          302
     12265          309
     12277          311
     12290          312
     12302          319
     12315          319
     12327          324
     12340          329
     12352          329
     12364          337
     12378          338
     12390          338
     12402          343
     12414          336
     12427          335
     12440          334
     12452          322
     12465          321
     12477          316
     12489          311
     12502          315
     12515          312
     12527          316
     12539          322
     12552          320
     12564          327
     12577          328
     12590          329
     12602          334
     12614          327
     12626          329
     12640          330
     12652          326
     12664          329
     12677          328
     12689          327
     12701          331
     12715          326
     12727          329
     12739          331
     12751          329
     12764          338
     12777          341
     12789          348
     12802          362
     12814          357
     12826          351
     12839          336
     12852          323
     12864          321
     12876          319
     12889          318
     12901          324
     12914          320
     12926          317
     12939          292
     12951          385
     12963          592
     12977          608
     12989          368
     13001          318
     13014          310
     13026          307
     13039          310
     13051          308
     13064          316
     13076          317
     13088          320
     13101          327
     13114          326
     13126          334
     13138          338
     13151          340
     13163          349
     13176          349
     13189          348
     13201          351
     13213          344
     13225          344
     13239          340
     13251          330
     13263          327
     13276          322
     13288          321
     13300          327
     13314          324
     13326          329
     13338          332
     13350          333
     13363          341
     13376          341
     13388          342
     13401          344
     13413          337
     13425          340
     13438          339
     13451          335
     13463          341
     13475          336
     13488          338
     13500          341
     13513          335
     13526          340
     13538          342
     13550          339
     13562          345
     13576          342
     13588          348
     13600          355
     13613          356
     13625          375
     13638          377
     13650          372
     13663          360
     13675          345
     13687          338
     13700          338
     13713          335
     13725          340
     13737          338
     13750          335
     13762          316
     13775          362
     13788          550
     13800          664
     13812          428
     13825          338
     13838          330
     13850          322
     13862          327
     13875          324
     13887          330
     13899          335
     13913          332
     13925          341
     13937          341
     13949          344
     13962          350
     13975          350
     13987          356
     14000          361
     14012          358
     14024          361
     14038          355
     14050          354
     14062          353
     14074          344
     14087          337
     14099          333
     14112          328
     14125          332
     14137          334
     14149          334
     14161          338
     14175          338
     14187          341
     14199          343
     14212          342
     14224          344
     14237          342
     14249          342
     14262          344
     14274          341
     14286          340
     14299          340
     14312          339
     14324          344
     14337          338
     14349          339
     14361          348
     14374          349
     14387          354
     14399          367
     14411          368
     14424          369
     14437          348
     14449          338
     14461          332
     14474          328
     14486          328
     14498          332
     14512          330
     14524          334
     14536          307
     14548          360
     14561          554
     14574          643
     14586          414
     14599          340
     14611          325
     14623          321
     14637          323
     14649          323
     14661          328
     14673          327
     14686          334
     14698          336
     14711          336
     14724          343
     14736          342
     14748          346
     14760          351
     14774          350
     14786          352
     14798          349
     14811          342
     14823          348
     14836          340
     14849          335
     14861          331
     14873          324
     14885          325
     14898          326
     14911          324
     14923          331
     14936          332
     14948          335
     14960          338
     14973          336
     14986          341
     14998          338
     15010          334
     15023          337
     15036          333
     15048          333
     15060          335
     15073          328
     15085          333
     15097          331
     15111          329
     15123          337
     15135          340
     15148          345
     15160          357
     15173          356
     15185          363
     15198          350
     15210          332
     15222          328
     15236          316
     15248          319
     15260          321
     15272          318
     15285          324
     15297          311
     15310          302
     15323          438
     15335          628
     15347          530
     15360          339
     15373          313
     15385          311
     15397          310
     15410          311
     15422          317
     15435          317
     15448          321
     15460          325
     15472          325
     15484          331
     15497          334
     15510          336
     15522          345
     15535          344
     15547          349
     15559          350
     15572          345
     15585          347
     15597          343
     15609          334
     15622          330
     15635          320
     15647          320
     15660          321
     15672          317
     15684          323
     15696          325
     15710          327
     15722          334
     15734          333
     15747          337
     15759          337
     15772          334
     15784          338
     15797          334
     15809          330
     15821          333
     15835          329
     15847          333
     15859          332
     15872          329
     15884          333
     15896          330
     15909          334
     15922          343
     15934          345
     15946          359
     15959          360
     15972          354
     15984          343
     15996          329
     16009          319
     16021          320
     16034          315
     16047          319
     16059          321
     16071          316
     16083          297
     16096          335
     16109          513
     16121          651
     16134          433
     16146          314
     16158          310
     16172          301
     16184          308
     16196          305
     16208          310
     16221          317
     16234          317
     16246          324
     16259          327
     16271          328
     16283          338
     16295          338
     16309          341
     16321          349
     16333          346
     16346          349
     16358          346
     16371          344
     16384          343
     16396          331
     16408          328
     16420          327
     16434          321
     16446          325
     16458          324
     16471          325
     16483          334
     16495          333
     16508          336
     16521          341
     16533          339
     16545          344
     16558          342
     16571          339
     16583          342
     16595          339
     16608          340
     16620          342
     16633          335
     16646          340
     16658          337
     16670          337
     16683          343
     16695          344
     16708          353
     16720          365
     16733          364
     16745          369
     16757          358
     16771          339
     16783          335
     16795          326
     16807          326
     16820          328
     16833          326
     16845          331
     16858          320
     16870          309
     16882          438
     16894          632
     16908          542
     16920          352
     16932          320
     16945          317
     16957          314
     16970          314
     16983          322
     16995          319
     17007          325
     17019          330
     17033          330
     17045          338
     17057          339
     17070          341
     17082          349
     17094          350
     17107          353
     17120          356
     17132          348
     17144          351
     17157          346
     17170          341
     17182          337
     17195          330
     17207          331
     17219          328
     17232          326
     17245          335
     17257          333
     17269          337
     17282          342
     17294          338
     17307          345
     17319          344
     17332          340
     17344          344
     17356          339
     17370          339
     17382          340
     17394          337
     17406          341
     17419          341
     17432          342
     17444          350
     17457          352
     17469          363
     17481          368
     17494          365
     17507          356
     17519          341
     17531          329
     17544          331
     17556          326
     17569          326
     17582          332
     17594          329
     17606          320
     17618          319
     17632          451
     17644          647
     17656          512
     17669          350
     17681          331
     17693          315
     17707          318
     17719          321
     17731          320
     17743          326
     17756          326
     17769          331
     17781          336
     17794          332
     17806          341
     17818          343
     17831          343
     17844          351
     17856          349
     17868          345
     17881          345
     17893          340
     17906          341
     17918          336
     17931          330
     17943          330
     17955          322
     17969          325
     17981          328
     17993          326
     18006          333
     18018          334
     18031          335
     18043          342
     18056          339
     18068          339
     18080          341
     18093          334
     18106          339
     18118          333
     18130          331
     18143          335
     18155          330
     18168          331
     18181          335
     18193          336
     18205          344
     18217          350
     18231          356
     18243          363
     18255          350
     18268          336
     18280          328
     18292          316
     18306          320
     18318          316
     18330          316
     18342          321
     18355          314
     18368          290
     18380          370
     18393          556
     18405          622
     18417          382
     18430          312
     18443          311
     18455          301
     18467          305
     18480          309
     18492          307
     18505          315
     18518          316
     18530          319
     18542          327
     18554          326
     18568          332
     18580          336
     18592          337
     18605          346
     18617          345
     18630          343
     18642          344
     18655          339
     18667          335
     18679          329
     18692          321
     18705          321
     18717          317
     18729          317
     18742          322
     18754          320
     18767          328
     18780          331
     18792          329
     18804          336
     18817          333
     18830          332
     18842          336
     18854          331
     18867          334
     18879          334
     18891          328
     18905          333
     18917          330
     18929          330
     18941          334
     18954          329
     18967          334
     18979          335
     18992          334
     19004          344
     19016          347
     19030          357
     19042          368
     19054          364
     19066          354
     19079          339
     19091          328
     19104          328
     19117          324
     19129          325
     19141          329
     19153          325
     19167          322
     19179          304
     19191          420
     19204          630
     19216          584
     19229          354
     19241          323
     19254          314
     19266          314
     19278          317
     19291          316
     19304          325
     19316          326
     19329          330
     19341          336
     19353          334
     19366          342
     19379          346
     19391          346
     19403          355
     19416          355
     19429          360
     19441          359
     19453          352
     19466          353
     19478          346
     19490          337
     19504          338
     19516          330
     19528          331
     19540          335
     19553          332
     19566          338
     19578          338
     19591          340
     19603          347
     19615          344
     19629          348
     19641          349
     19653          342
     19665          345
     19678          343
     19690          339
     19703          344
     19716          339
     19728          339
     19740          340
     19752          336
     19766          343
     19778          346
     19790          349
     19803          361
     19815          366
     19828          369
     19841          370
     19853          349
     19865          340
     19877          328
     19890          325
     19903          330
     19915          328
     19928          333
     19940          331
     19952          303
     19965          350
     19978          522
     19990          652
     20002          440
     20015          333
     20028          321
     20040          315
     20052          317
     20065          324
     20077          322
     20089          327
     20103          332
     20115          333
     20127          337
     20140          343
     20152          344
     20165          353
     20177          353
     20190          357
     20202          358
     20214          354
     20228          354
     20240          354
     20252          349
     20264          344
     20277          336
     20289          332
     20302          333
     20315          330
     20327          333
     20339          335
     20352          333
     20365          342
     20377          341
     20389          343
     20402          348
     20414          341
     20427          345
     20440          343
     20452          337
     20464          340
     20476          336
     20489          336
     20502          342
     20514          339
     20527          349
     20539          353
     20551          360
     20564          368
     20577          365
     20589          349
     20601          338
     20614          326
     20627          326
     20639          327
     20652          321
     20664          325
     20676          323
     20688          303
     20702          336
     20714          500
     20726          644
     20739          443
     20751          323
     20764          318
     20776          305
     20789          308
     20801          312
     20813          311
     20827          317
     20839          319
     20851          318
     20864          327
     20876          326
     20888          333
     20901          338
     20914          339
     20926          346
     20938          347
     20951          343
     20964          344
     20976          340
     20988          336
     21001          332
     21013          322
     21026          322
     21039          320
     21051          319
     21063          326
     21075          325
     21088          329
     21101          335
     21113          333
     21126          339
     21138          339
     21150          337
     21164          341
     21176          334
     21188          337
     21200          337
     21213          332
     21226          335
     21238          334
     21251          332
     21263          337
     21275          333
     21287          339
     21301          345
     21313          347
     21325          363
     21338          361
     21350          358
     21363          348
     21376          332
     21388          327
     21400          325
     21412          321
     21426          326
     21438          323
     21450          322
     21463          301
     21475          349
     21487          532
     21500          648
     21513          419
     21525          321
     21537          314
     21550          308
     21563          314
     21575          312
     21587          317
     21600          320
     21612          320
     21625          328
     21638          328
     21650          331
     21662          341
     21675          339
     21687          345
     21700          351
     21712          348
     21725          352
     21737          349
     21749          347
     21763          344
     21775          332
     21787          329
     21799          325
     21812          321
     21825          327
     21837          325
     21850          328
     21862          335
     21874          335
     21886          342
     21900          343
     21912          343
     21924          347
     21937          341
     21949          341
     21962          343
     21975          336
     21987          340
     21999          340
     22011          336
     22025          342
     22037          338
     22049          338
     22062          345
     22074          346
     22086          355
     22099          364
     22112          368
     22124          373
     22136          358
     22149          345
     22162          338
     22174          326
     22187          332
     22199          332
     22211          330
     22224          333
     22237          326
     22249          307
     22261          414
     22274          611
     22286          602
     22299          369
     22311          324
     22324          324
     22336          315
     22348          321
     22362          325
     22374          323
     22386          330
     22398          334
     22411          333
     22424          341
     22436          340
     22449          347
     22461          352
     22473          354
     22486          360
     22499          358
     22511          355
     22523          358
     22536          350
     22548          346
     22561          343
     22574          330
     22586          334
     22598          329
     22610          328
     22624          335
     22636          333
     22648          337
     22661          343
     22673          340
     22685          345
     22699          346
     22711          344
     22723          345
     22735          340
     22748          340
     22761          340
     22773          336
     22786          342
     22798          339
     22810          339
     22823          349
     22836          351
     22848          362
     22860          366
     22873          365
     22885          359
     22898          341
     22910          330
     22923          330
     22935          324
     22947          328
     22961          329
     22973          328
     22985          326
     22998          303
     23010          398
     23023          604
     23035          582
     23048          369
     23060          329
     23072          311
     23085          312
     23098          315
     23110          318
     23122          324
     23135          322
     23147          329
     23160          332
     23173          333
     23185          342
     23197          341
     23209          344
     23223          351
     23235          347
     23247          352
     23260          349
     23272          343
     23284          346
     23298          341
     23310          335
     23322          332
     23334          325
     23347          327
     23360          331
     23372          326
     23385          333
     23397          333
     23409          334
     23422          340
     23435          337
     23447          342
     23459          339
     23472          335
     23484          338
     23497          334
     23510          333
     23522          335
     23534          330
     23546          334
     23560          333
     23572          340
     23584          348
     23597          356
     23609          358
     23622          360
     23634          341
     23647          332
     23659          321
     23671          316
     23684          320
     23697          316
     23709          318
     23721          322
     23734          303
     23746          313
     23759          456
     23772          639
     23784          502
     23796          333
     23809          316
     23822          311
     23834          305
     23846          311
     23859          314
     23871          314
     23883          323
     23897          323
     23909          327
     23921          334
     23933          334
     23946          342
     23959          343
     23971          344
     23984          352
     23996          348
     24008          345
     24022          345
     24034          336
     24046          334
     24058          327
     24071          320
     24083          322
     24096          319
     24109          321
     24121          323
     24133          322
     24145          331
     24159          332
     24171          332
     24183          338
     24196          335
     24208          336
     24221          336
     24233          330
     24246          335
     24258          332
     24270          330
     24283          334
     24296          330
     24308          333
     24321          334
     24333          330
     24345          338
     24358          341
     24371          346
     24383          359
     24395          361
     24408          363
     24421          353
     24433          335
     24445          329
     24458          322
     24470          321
     24482          327
     24496          322
     24508          326
     24520          321
     24532          294
     24545          399
     24558          597
     24570          606
     24583          371
     24595          316
     24607          315
     24621          311
     24633          311
     24645          319
     24657          318
     24670          319
     24682          328
     24695          326
     24708          331
     24720          335
     24732          336
     24744          346
     24758          346
     24770          348
     24782          352
     24795          345
     24807          348
     24820          345
     24833          336
     24845          335
     24857          325
     24869          323
     24882          325
     24895          320
     24907          325
     24920          328
     24932          328
     24944          337
     24957          337
     24970          339
     24982          342
     24994          338
     25007          342
     25020          340
     25032          336
     25044          338
     25057          334
     25069          334
     25081          338
     25095          334
     25107          337
     25119          336
     25132          334
     25144          339
     25157          337
     25169          341
     25182          349
     25194          349
     25206          365
     25220          367
     25232          365
     25244          356
     25256          339
     25269          330
     25281          327
     25294          323
     25307          328
     25319          326
     25331          326
     25344          323
     25357          300
     25369          427
     25381          634
     25394          569
     25406          355
     25419          320
     25432          314
     25444          316
     25456          315
     25468          320
     25481          323
     25494          322
     25506          331
     25519          332
     25531          333
     25543          342
     25556          339
     25569          345
     25581          352
     25593          351
     25606          356
     25619          352
     25631          345
     25644          347
     25656          338
     25668          337
     25680          333
     25694          326
     25706          329
     25718          327
     25731          328
     25743          334
     25756          334
     25768          338
     25781          342
     25793          341
     25805          347
     25819          343
     25831          341
     25843          344
     25856          338
     25868          341
     25880          342
     25893          337
     25906          343
     25918          340
     25930          345
     25943          354
     25956          356
     25968          367
     25980          371
     25993          359
     26005          349
     26018          335
     26031          326
     26043          329
     26055          325
     26067          332
     26080          329
     26093          325
     26105          305
     26118          370
     26130          566
     26142          628
     26156          395
     26168          333
     26180          326
     26192          315
     26205          324
     26218          323
     26230          328
     26243          335
     26255          332
     26267          339
     26279          342
     26293          340
     26305          349
     26317          350
     26330          355
     26342          360
     26355          354
     26368          356
     26380          353
     26392          348
     26404          347
     26418          338
     26430          334
     26442          335
     26455          328
     26467          333
     26479          332
     26492          332
     26505          340
     26517          337
     26529          339
     26542          345
     26555          340
     26567          343
     26579          340
     26592          336
     26604          341
     26617          335
     26630          336
     26642          339
     26654          337
     26667          341
     26679          342
     26692          346
     26704          354
     26717          361
     26729          365
     26741          366
     26755          347
     26767          338
     26779          328
     26791          322
     26804          327
     26817          325
     26829          326
     26842          328
     26854          307
     26866          325
     26878          477
     26892          648
     26904          486
     26916          327
     26929          320
     26941          315
     26954          312
     26967          319
     26979          320
     26991          320
     27003          328
     27017          328
     27029          334
     27041          340
     27054          338
     27066          347
     27078          349
     27091          352
     27104          358
     27116          352
     27128          352
     27141          350
     27154          342
     27166          341
     27179          331
     27191          326
     27203          328
     27216          323
     27229          326
     27241          330
     27253          327
     27266          335
     27278          334
     27291          336
     27303          342
     27316          336
     27328          338
     27340          336
     27354          333
     27366          336
     27378          332
     27390          330
     27403          332
     27416          328
     27428          332
     27441          332
     27453          329
     27465          334
     27478          335
     27491          342
     27503          351
     27515          358
     27528          364
     27540          363
     27553          345
     27566          336
     27578          322
     27590          318
     27602          323
     27616          318
     27628          322
     27640          322
     27653          309
     27665          300
     27677          426
     27691          628
     27703          565
     27715          338
     27727          316
     27740          311
     27753          304
     27765          311
     27778          310
     27790          314
     27802          320
     27815          318
     27828          326
     27840          329
     27852          330
     27865          339
     27877          341
     27890          346
     27902          351
     27915          345
     27927          347
     27939          343
     27953          338
     27965          337
     27977          324
     27990          322
     28002          322
     28015          316
     28027          320
     28040          324
     28052          324
     28064          333
     28077          332
     28090          334
     28102          339
     28114          334
     28127          338
     28139          336
     28152          333
     28165          338
     28177          331
     28189          332
     28201          334
     28215          328
     28227          332
     28239          331
     28252          331
     28264          334
     28276          331
     28290          337
     28302          344
     28314          345
     28326          363
     28339          361
     28352          357
     28364          345
     28377          330
     28389          323
     28401          323
     28414          318
     28427          322
     28439          321
     28451          321
     28464          308
     28476          314
     28489          474
     28502          652
     28514          484
     28526          333
     28538          316
     28552          307
     28564          312
     28576          308
     28589          315
     28601          320
     28614          319
     28626          327
     28639          327
     28651          331
     28663          338
     28676          339
     28689          347
     28701          351
     28713          348
     28726          354
     28738          350
     28751          347
     28764          347
     28776          336
     28788          336
     28801          330
     28814          326
     28826          327
     28838          326
     28851          328
     28863          335
     28875          334
     28889          340
     28901          342
     28913          340
     28925          345
     28938          341
     28951          339
     28963          343
     28976          336
     28988          340
     29000          339
     29014          336
     29026          340
     29038          342
     29050          343
     29063          352
     29075          356
     29088          367
     29101          371
     29113          354
     29125          345
     29137          331
     29151          325
     29163          331
     29175          323
     29188          326
     29200          331
     29213          323
     29225          304
     29238          386
     29250          582
     29262          610
     29275          378
     29288          331
     29300          320
     29313          315
     29325          323
     29337          321
     29350          326
     29363          331
     29375          328
     29387          335
     29400          338
     29413          340
     29425          347
     29437          347
     29450          352
     29462          356
     29474          352
     29488          354
     29500          351
     29512          347
     29524          348
     29537          337
     29550          333
     29562          331
     29575          324
     29587          329
     29599          330
     29613          329
     29625          337
     29637          336
     29649          339
     29662          342
     29674          337
     29687          342
     29700          338
     29712          334
     29724          338
     29736          334
     29750          335
     29762          334
     29774          331
     29787          340
     29799          345
     29812          350
     29825          362
     29837          360
     29849          355
     29861          339
     29874          325
     29887          322
     29899          320
     29912          319
     29924          324
     29936          318
     29949          321
     29962          296
     29974          367
     29986          560
     29999          617
     30012          385
