         0          339
         1          340
         2          342
         7          344
        15          345
        24          357
        33          360
        43          365
        52          358
        62          353
        71          338
        80          333
        90          321
        99          323
       108          320
       118          323
       130          319
       140          324
       150          319
       160          310
       171          301
       181          402
       191          557
       202          629
       212          440
       223          320
       233          309
       243          311
       253          306
       265          308
       275          309
       285          313
       295          316
       306          317
       316          321
       327          323
       337          329
       348          330
       358          338
       368          336
       378          340
       389          335
       400          339
       410          335
       420          339
       431          335
       441          342
       451          338
       462          340
       473          330
       483          329
       493          323
       503          325
       514          325
       524          329
       535          330
       545          331
       556          335
       566          338
       576          342
       586          344
       598          348
       608          347
       618          351
       628          351
       638          358
       649          355
       660          359
       670          353
       680          357
       691          351
       701          355
       711          350
       721          354
       733          352
       743          357
       753          352
       763          354
       774          352
       784          356
       795          361
       805          363
       816          374
       826          378
       836          381
       846          371
       857          363
       868          348
       878          342
       888          334
       899          336
       909          331
       919          338
       930          333
       941          338
       951          323
       961          310
       971          379
       982          541
       993          648
      1003          484
      1014          336
      1026          323
      1037          324
      1048          321
      1060          328
      1072          327
      1083          332
      1094          334
      1105          336
      1117          343
      1129          342
      1140          348
      1152          350
      1163          354
      1174          357
      1185          358
      1198          365
      1209          359
      1220          362
      1231          356
      1243          358
      1254          351
      1266          340
      1277          340
      1289          330
      1300          335
      1311          330
      1323          334
      1335          338
      1346          337
      1357          344
      1369          340
      1380          347
      1392          342
      1403          343
      1415          345
      1426          340
      1437          344
      1448          337
      1461          341
      1472          338
      1483          339
      1495          337
      1506          334
      1517          341
      1529          334
      1541          343
      1552          342
      1563          351
      1574          358
      1586          366
      1598          370
      1609          362
      1620          351
      1632          336
      1643          331
      1654          328
      1667          325
      1678          329
      1689          325
      1700          332
      1712          324
      1724          304
      1735          386
      1746          559
      1758          629
      1769          416
      1780          338
      1793          322
      1804          319
      1815          322
      1826          322
      1838          331
      1849          327
      1861          332
      1872          332
      1884          333
      1895          338
      1906          341
      1917          346
      1930          343
      1941          348
      1952          345
      1964          346
      1975          350
      1986          345
      1998          350
      2010          345
      2021          344
      2032          334
      2043          329
      2055          326
      2067          321
      2078          327
      2089          322
      2101          328
      2112          328
      2124          329
      2136          333
      2147          332
      2158          336
      2169          335
      2181          337
      2193          334
      2204          332
      2215          333
      2227          326
      2238          333
      2249          328
      2262          335
      2273          336
      2284          342
      2295          347
      2307          353
      2318          362
      2330          357
      2341          349
      2353          330
      2364          321
      2375          320
      2386          316
      2399          320
      2410          316
      2421          323
      2433          315
      2444          292
      2456          356
      2467          514
      2479          628
      2490          441
      2501          329
      2512          314
      2525          308
      2536          307
      2547          308
      2558          315
      2570          314
      2581          323
      2593          321
      2605          323
      2616          330
      2627          329
      2638          337
      2650          334
      2662          341
      2673          339
      2684          342
      2696          344
      2707          340
      2718          345
      2731          341
      2742          337
      2753          331
      2764          325
      2776          324
      2787          319
      2799          323
      2810          320
      2822          326
      2833          328
      2844          330
      2856          334
      2868          333
      2879          338
      2890          335
      2902          339
      2913          337
      2925          336
      2936          338
      2948          333
      2959          335
      2970          331
      2981          334
      2994          333
      3005          333
      3016          338
      3027          339
      3039          348
      3050          351
      3062          364
      3074          363
      3085          361
      3096          350
      3107          334
      3119          331
      3131          321
      3142          323
      3153          321
      3165          319
      3176          326
      3188          314
      3200          301
      3211          380
      3222          556
      3233          621
      3245          412
      3257          320
      3268          313
      3279          313
      3291          309
      3302          314
      3313          316
      3325          316
      3337          323
      3348          322
      3359          330
      3371          327
      3382          334
      3394          336
      3405          337
      3417          341
      3428          334
      3439          340
      3450          336
      3463          339
      3474          338
      3485          337
      3496          334
      3508          323
      3519          321
      3531          314
      3543          317
      3554          316
      3565          316
      3576          323
      3589          322
      3600          330
      3611          332
      3622          337
      3634          338
      3645          338
      3657          342
      3668          337
      3680          342
      3691          339
      3702          342
      3714          341
      3726          338
      3737          341
      3748          335
      3760          339
      3771          335
      3782          337
      3794          340
      3806          338
      3817          342
      3828          339
      3840          344
      3851          345
      3863          350
      3874          356
      3886          368
      3897          375
      3908          373
      3920          368
      3932          351
      3943          342
      3954          335
      3965          333
      3977          337
      3989          334
      4000          341
      4012          337
      4023          319
      4034          341
      4045          481
      4058          650
      4069          548
      4080          358
      4091          325
      4103          327
      4114          324
      4126          323
      4137          331
      4149          330
      4160          338
      4171          339
      4183          345
      4195          348
      4206          350
      4217          356
      4229          355
      4240          362
      4251          359
      4263          360
      4275          361
      4286          358
      4297          359
      4308          353
      4321          354
      4332          345
      4343          337
      4355          334
      4366          327
      4377          330
      4389          327
      4401          332
      4412          331
      4423          335
      4434          338
      4446          338
      4458          344
      4469          339
      4481          343
      4492          341
      4503          340
      4514          341
      4527          338
      4538          342
      4549          337
      4560          340
      4572          337
      4583          338
      4595          339
      4606          334
      4618          339
      4629          333
      4640          339
      4653          337
      4664          337
      4675          348
      4686          345
      4698          360
      4709          363
      4721          371
      4732          362
      4744          348
      4755          340
      4766          325
      4777          328
      4790          323
      4801          330
      4812          328
      4824          330
      4835          312
      4846          309
      4858          438
      4870          612
      4881          574
      4892          371
      4903          326
      4915          324
      4927          313
      4938          321
      4950          320
      4961          327
      4972          330
      4983          332
      4996          334
      5007          334
      5018          343
      5029          341
      5041          345
      5053          349
      5064          352
      5075          355
      5087          351
      5098          358
      5109          354
      5122          356
      5133          353
      5144          346
      5155          342
      5167          332
      5178          334
      5190          329
      5201          333
      5213          332
      5224          335
      5235          339
      5246          337
      5259          343
      5270          340
      5281          344
      5293          346
      5304          342
      5315          344
      5327          337
      5339          342
      5350          341
      5361          343
      5372          340
      5385          337
      5396          342
      5407          339
      5419          348
      5430          348
      5441          358
      5453          366
      5465          363
      5476          363
      5487          341
      5498          336
      5510          325
      5522          323
      5533          324
      5544          325
      5556          326
      5567          322
      5578          313
      5591          310
      5602          440
      5613          612
      5624          552
      5636          366
      5647          321
      5659          317
      5670          305
      5682          313
      5693          313
      5704          315
      5715          323
      5728          321
      5739          327
      5750          326
      5762          330
      5773          333
      5785          335
      5796          340
      5808          338
      5819          344
      5830          339
      5841          340
      5854          340
      5865          341
      5876          341
      5888          331
      5899          328
      5910          319
      5922          316
      5934          316
      5945          312
      5956          318
      5967          317
      5979          326
      5991          325
      6002          329
      6013          329
      6025          327
      6036          333
      6047          329
      6060          331
      6071          326
      6082          328
      6093          327
      6105          323
      6117          329
      6128          325
      6139          331
      6151          328
      6162          334
      6173          339
      6185          340
      6197          356
      6208          352
      6219          357
      6231          341
      6242          331
      6254          322
      6265          315
      6277          319
      6288          314
      6299          321
      6310          319
      6323          311
      6334          296
      6345          395
      6356          575
      6368          602
      6379          399
      6391          318
      6403          316
      6414          310
      6425          309
      6436          314
      6448          314
      6460          321
      6471          320
      6482          322
      6494          327
      6505          328
      6517          336
      6529          334
      6540          339
      6551          340
      6562          341
      6574          345
      6586          341
      6597          345
      6608          342
      6620          344
      6631          335
      6642          329
      6654          325
      6666          320
      6677          323
      6688          318
      6700          321
      6711          320
      6723          322
      6734          327
      6746          327
      6757          335
      6768          332
      6779          337
      6792          337
      6803          338
      6814          340
      6825          338
      6837          340
      6849          333
      6860          337
      6872          333
      6883          334
      6894          335
      6905          330
      6918          335
      6929          331
      6940          338
      6951          341
      6963          347
      6974          356
      6986          359
      6998          366
      7009          354
      7020          343
      7031          334
      7043          328
      7055          328
      7066          325
      7077          331
      7089          327
      7100          331
      7111          310
      7123          332
      7135          477
      7146          639
      7157          545
      7169          349
      7180          325
      7192          320
      7203          316
      7215          322
      7226          320
      7237          327
      7249          325
      7261          333
      7272          334
      7283          338
      7294          345
      7306          346
      7318          354
      7329          352
      7341          356
      7352          357
      7363          359
      7374          361
      7387          356
      7398          360
      7409          354
      7420          352
      7432          342
      7443          334
      7455          332
      7467          328
      7478          330
      7489          326
      7500          331
      7512          334
      7524          337
      7535          343
      7546          340
      7558          344
      7569          339
      7581          341
      7592          339
      7604          337
      7615          340
      7626          335
      7638          339
      7650          335
      7661          337
      7672          338
      7684          336
      7695          340
      7706          335
      7718          339
      7730          338
      7741          347
      7752          352
      7763          361
      7775          371
      7787          367
      7798          368
      7810          346
      7821          339
      7832          331
      7843          327
      7856          331
      7867          325
      7878          332
      7889          327
      7901          316
      7912          310
      7924          424
      7936          609
      7947          587
      7958          385
      7969          324
      7982          321
      7993          315
      8004          318
      8015          326
      8027          323
      8038          329
      8050          327
      8061          334
      8073          334
      8084          337
      8095          344
      8107          342
      8119          348
      8130          348
      8141          354
      8153          355
      8164          354
      8175          354
      8187          349
      8199          350
      8210          340
      8221          336
      8232          329
      8244          327
      8256          327
      8267          325
      8279          331
      8290          331
      8301          334
      8313          336
      8325          337
      8336          341
      8347          337
      8358          342
      8370          339
      8382          342
      8393          339
      8404          336
      8416          339
      8427          333
      8438          340
      8451          336
      8462          340
      8473          339
      8484          336
      8496          344
      8507          345
      8519          356
      8530          361
      8542          368
      8553          370
      8564          358
      8576          345
      8588          331
      8599          329
      8610          323
      8622          325
      8633          328
      8644          326
      8656          331
      8668          306
      8679          325
      8690          453
      8701          625
      8714          542
      8725          358
      8736          328
      8748          311
      8759          314
      8770          312
      8782          317
      8794          321
      8805          321
      8816          327
      8827          325
      8839          332
      8851          331
      8862          334
      8873          338
      8885          336
      8896          341
      8907          340
      8920          346
      8931          340
      8942          343
      8953          342
      8965          335
      8976          334
      8988          325
      8999          323
      9011          317
      9022          318
      9033          320
      9046          318
      9057          325
      9068          322
      9079          330
      9091          330
      9102          332
      9114          334
      9125          332
      9137          336
      9148          329
      9159          334
      9170          328
      9183          328
      9194          329
      9205          327
      9217          333
      9228          328
      9239          332
      9251          329
      9263          332
      9274          333
      9285          333
      9296          344
      9308          342
      9320          360
      9331          360
      9342          362
      9354          354
      9365          336
      9376          333
      9389          322
      9400          325
      9411          323
      9422          324
      9434          326
      9446          322
      9457          305
      9468          331
      9480          485
      9491          635
      9502          509
      9515          344
      9526          318
      9537          317
      9548          310
      9560          317
      9571          318
      9583          321
      9594          326
      9606          325
      9617          331
      9628          331
      9639          337
      9652          337
      9663          340
      9674          343
      9686          338
      9697          345
      9708          341
      9720          344
      9732          341
      9743          341
      9754          342
      9765          329
      9778          328
      9789          320
      9800          322
      9811          320
      9823          319
      9834          321
      9846          321
      9858          329
      9869          328
      9880          337
      9891          339
      9903          341
      9915          344
      9926          341
      9937          347
      9949          340
      9960          345
      9971          343
      9984          343
      9995          344
     10006          340
     10018          344
     10031          343
     10044          342
     10056          346
     10068          342
     10081          345
     10093          347
     10105          343
     10119          348
     10131          349
     10143          354
     10156          363
     10168          372
     10181          376
     10193          376
     10206          359
     10218          348
     10230          336
     10244          334
     10256          340
     10268          335
     10280          340
     10293          339
     10305          309
     10318          390
     10331          580
     10343          639
     10355          405
     10368          329
     10381          333
     10393          328
     10405          328
     10418          332
     10430          332
     10443          333
     10456          339
     10468          337
     10480          344
     10492          348
     10505          346
     10518          353
     10530          355
     10543          356
     10555          361
     10567          356
     10580          358
     10593          355
     10605          344
     10617          340
     10630          328
     10643          324
     10655          325
     10668          321
     10680          326
     10692          328
     10704          327
     10718          337
     10730          334
     10742          335
     10755          340
     10767          336
     10780          340
     10792          337
     10805          332
     10817          337
     10829          333
     10843          334
     10855          336
     10867          332
     10880          335
     10892          335
     10904          332
     10917          338
     10930          336
     10942          342
     10954          349
     10967          357
     10980          367
     10992          365
     11004          351
     11017          337
     11029          325
     11042          325
     11055          324
     11067          323
     11079          328
     11091          325
     11104          300
     11117          348
     11129          525
     11142          637
     11154          426
     11166          328
     11180          323
     11192          317
     11204          319
     11216          324
     11229          327
     11242          328
     11254          335
     11267          336
     11279          339
     11291          342
     11303          343
     11317          350
     11329          350
     11341          354
     11354          361
     11366          353
     11379          355
     11392          354
     11404          346
     11416          344
     11428          330
     11442          326
     11454          326
     11466          323
     11479          329
     11491          329
     11503          331
     11516          337
     11529          335
     11541          339
     11553          342
     11566          338
     11579          343
     11591          340
     11603          335
     11616          337
     11628          333
     11641          334
     11654          335
     11666          330
     11678          336
     11691          338
     11703          342
     11716          354
     11728          358
     11741          362
     11753          350
     11765          333
     11779          330
     11791          320
     11803          317
     11815          321
     11828          318
     11841          322
     11853          305
     11866          319
     11878          484
     11890          636
     11902          461
     11916          333
     11928          316
     11940          310
     11953          311
     11965          312
     11978          319
     11991          318
     12003          320
     12015          329
     12027          327
     12041          336
     12053          337
     12065          337
     12078          347
     12090          345
     12102          346
     12115          349
     12128          342
     12140          345
     12152          341
     12165          330
     12178          327
     12190          318
     12203          317
     12215          320
     12227          315
     12240          321
     12253          324
     12265          325
     12277          332
     12290          330
     12302          332
     12315          335
     12327          332
     12340          331
     12352          328
     12364          325
     12378          330
     12390          325
     12402          326
     12414          329
     12427          323
     12440          327
     12452          327
     12465          324
     12477          334
     12489          336
     12502          343
     12515          356
     12527          353
     12539          350
     12552          333
     12564          322
     12577          320
     12590          314
     12602          316
     12614          320
     12626          316
     12640          304
     12652          312
     12664          463
     12677          636
     12689          477
     12701          319
     12715          312
     12727          302
     12739          306
     12751          306
     12764          306
     12777          315
     12789          315
     12802          319
     12814          326
     12826          324
     12839          333
     12852          334
     12864          334
     12876          339
     12889          336
     12901          337
     12914          340
     12926          334
     12939          334
     12951          324
     12963          316
     12977          316
     12989          310
     13001          313
     13014          317
     13026          315
     13039          323
     13051          326
     13064          327
     13076          335
     13088          333
     13101          337
     13114          339
     13126          334
     13138          337
     13151          335
     13163          334
     13176          337
     13189          333
     13201          335
     13213          336
     13225          333
     13239          339
     13251          337
     13263          336
     13276          340
     13288          342
     13300          350
     13314          358
     13326          367
     13338          373
     13350          371
     13363          356
     13376          349
     13388          336
     13401          336
     13413          335
     13425          334
     13438          338
     13451          328
     13463          307
     13475          419
     13488          611
     13500          582
     13513          366
     13526          325
     13538          325
     13550          319
     13562          321
     13576          330
     13588          330
     13600          335
     13613          338
     13625          338
     13638          347
     13650          348
     13663          352
     13675          360
     13687          358
     13700          366
     13713          370
     13725          365
     13737          369
     13750          361
     13762          353
     13775          345
     13788          335
     13800          333
     13812          333
     13825          331
     13838          339
     13850          336
     13862          342
     13875          349
     13887          346
     13899          350
     13913          351
     13925          346
     13937          350
     13949          344
     13962          343
     13975          348
     13987          342
     14000          346
     14012          345
     14024          340
     14038          345
     14050          341
     14062          344
     14074          348
     14087          350
     14099          358
     14112          366
     14125          371
     14137          377
     14149          362
     14161          346
     14175          340
     14187          330
     14199          333
     14212          333
     14224          330
     14237          337
     14249          313
     14262          335
     14274          502
     14286          648
     14299          468
     14312          341
     14324          330
     14337          324
     14349          323
     14361          328
     14374          332
     14387          329
     14399          340
     14411          340
     14424          341
     14437          350
     14449          348
     14461          352
     14474          359
     14486          355
     14498          361
     14512          358
     14524          353
     14536          356
     14548          349
     14561          342
     14574          336
     14586          327
     14599          328
     14611          325
     14623          324
     14637          329
     14649          328
     14661          333
     14673          339
     14686          335
     14698          338
     14711          336
     14724          335
     14736          336
     14748          330
     14760          334
     14774          334
     14786          329
     14798          333
     14811          331
     14823          330
     14836          335
     14849          328
     14861          332
     14873          340
     14885          339
     14898          356
     14911          358
     14923          358
     14936          352
     14948          330
     14960          325
     14973          318
     14986          313
     14998          318
     15010          317
     15023          318
     15036          304
     15048          306
     15060          458
     15073          632
     15085          481
     15097          330
     15111          311
     15123          302
     15135          307
     15148          305
     15160          313
     15173          316
     15185          316
     15198          325
     15210          325
     15222          330
     15236          336
     15248          336
     15260          343
     15272          346
     15285          346
     15297          351
     15310          347
     15323          345
     15335          346
     15347          332
     15360          329
     15373          322
     15385          318
     15397          325
     15410          324
     15422          326
     15435          330
     15448          331
     15460          337
     15472          339
     15484          337
     15497          342
     15510          339
     15522          341
     15535          343
     15547          336
     15559          340
     15572          338
     15585          336
     15597          340
     15609          337
     15622          337
     15635          338
     15647          334
     15660          339
     15672          338
     15684          336
     15696          341
     15710          339
     15722          347
     15734          353
     15747          356
     15759          372
     15772          371
     15784          362
     15797          350
     15809          333
     15821          326
     15835          327
     15847          323
     15859          328
     15872          326
     15884          318
     15896          300
     15909          398
     15922          595
     15934          587
     15946          359
     15959          321
     15972          318
     15984          311
     15996          319
     16009          318
     16021          324
     16034          328
     16047          326
     16059          334
     16071          336
     16083          339
     16096          346
     16109          346
     16121          352
     16134          358
     16146          357
     16158          361
     16172          357
     16184          351
     16196          348
     16208          333
     16221          327
     16234          325
     16246          321
     16259          324
     16271          323
     16283          325
     16295          332
     16309          331
     16321          336
     16333          338
     16346          335
     16358          340
     16371          336
     16384          335
     16396          336
     16408          333
     16420          335
     16434          336
     16446          332
     16458          337
     16471          334
     16483          336
     16495          341
     16508          335
     16521          338
     16533          340
     16545          339
     16558          351
     16571          351
     16583          366
     16595          372
     16608          368
     16620          359
     16633          343
     16646          329
     16658          333
     16670          330
     16683          329
     16695          335
     16708          332
     16720          314
     16733          341
     16745          505
     16757          650
     16771          451
     16783          337
     16795          329
     16807          319
     16820          323
     16833          327
     16845          327
     16858          335
     16870          335
     16882          337
     16894          345
     16908          343
     16920          352
     16932          355
     16945          357
     16957          364
     16970          360
     16983          364
     16995          362
     17007          357
     17019          355
     17033          347
     17045          334
     17057          336
     17070          328
     17082          330
     17094          332
     17107          330
     17120          336
     17132          336
     17144          338
     17157          342
     17170          339
     17182          342
     17195          342
     17207          335
     17219          339
     17232          334
     17245          332
     17257          336
     17269          332
     17282          333
     17294          334
     17307          330
     17319          334
     17332          333
     17344          337
     17356          346
     17370          353
     17382          357
     17394          358
     17406          341
     17419          330
     17432          319
     17444          315
     17457          318
     17469          313
     17481          317
     17494          321
     17507          294
     17519          337
     17531          505
     17544          624
     17556          422
     17569          317
     17582          312
     17594          304
     17606          304
     17618          312
     17632          311
     17644          311
     17656          319
     17669          319
     17681          326
     17693          329
     17707          329
     17719          338
     17731          339
     17743          341
     17756          348
     17769          345
     17781          346
     17794          344
     17806          337
     17818          333
     17831          324
     17844          319
     17856          322
     17868          318
     17881          322
     17893          323
     17906          322
     17918          330
     17931          332
     17943          334
     17955          338
     17969          335
     17981          338
     17993          338
     18006          334
     18018          338
     18031          335
     18043          334
     18056          338
     18068          335
     18080          337
     18093          338
     18106          333
     18118          339
     18130          335
     18143          334
     18155          338
     18168          337
     18181          340
     18193          342
     18205          344
     18217          353
     18231          364
     18243          366
     18255          367
     18268          347
     18280          336
     18292          326
     18306          321
     18318          326
     18330          322
     18342          324
     18355          325
     18368          295
     18380          363
     18393          545
     18405          629
     18417          404
     18430          316
     18443          316
     18455          312
     18467          309
     18480          317
     18492          320
     18505          320
     18518          328
     18530          327
     18542          335
     18554          341
     18568          340
     18580          348
     18592          347
     18605          349
     18617          355
     18630          351
     18642          352
     18655          352
     18667          342
     18679          338
     18692          329
     18705          322
     18717          324
     18729          321
     18742          322
     18754          329
     18767          329
     18780          337
     18792          339
     18804          340
     18817          345
     18830          342
     18842          343
     18854          345
     18867          341
     18879          346
     18891          343
     18905          342
     18917          345
     18929          341
     18941          339
     18954          342
     18967          338
     18979          345
     18992          342
     19004          341
     19016          346
     19030          341
     19042          344
     19054          347
     19066          341
     19079          349
     19091          348
     19104          354
     19117          360
     19129          368
     19141          377
     19153          378
     19167          365
     19179          352
     19191          340
     19204          335
     19216          340
     19229          336
     19241          339
     19254          340
     19266          315
     19278          345
     19291          512
     19304          657
     19316          477
     19329          340
     19341          335
     19353          329
     19366          328
     19379          331
     19391          331
     19403          334
     19416          340
     19429          339
     19441          348
     19453          349
     19466          348
     19478          358
     19490          358
     19504          365
     19516          368
     19528          364
     19540          366
     19553          364
     19566          356
     19578          354
     19591          341
     19603          335
     19615          336
     19629          330
     19641          335
     19653          339
     19665          336
     19678          342
     19690          344
     19703          346
     19716          351
     19728          347
     19740          349
     19752          346
     19766          342
     19778          347
     19790          340
     19803          342
     19815          344
     19828          341
     19841          344
     19853          343
     19865          339
     19877          344
     19890          344
     19903          351
     19915          356
     19928          366
     19940          370
     19952          366
     19965          349
     19978          342
     19990          333
     20002          330
     20015          330
     20028          327
     20040          332
     20052          327
     20065          301
     20077          395
     20089          582
     20103          592
     20115          380
     20127          325
     20140          316
     20152          311
     20165          309
     20177          318
     20190          317
     20202          318
     20214          323
     20228          322
     20240          329
     20252          329
     20264          332
     20277          338
     20289          336
     20302          341
     20315          344
     20327          337
     20339          339
     20352          336
     20365          329
     20377          326
     20389          315
     20402          312
     20414          312
     20427          309
     20440          315
     20452          314
     20464          317
     20476          324
     20489          321
     20502          325
     20514          329
     20527          323
     20539          326
     20551          323
     20564          321
     20577          324
     20589          319
     20601          322
     20614          322
     20627          318
     20639          325
     20652          321
     20664          322
     20676          330
     20688          330
     20702          338
     20714          351
     20726          351
     20739          355
     20751          336
     20764          324
     20776          317
     20789          310
     20801          315
     20813          315
     20827          315
     20839          318
     20851          287
     20864          356
     20876          547
     20888          614
     20901          390
     20914          315
     20926          307
     20938          307
     20951          308
     20964          310
     20976          317
     20988          316
     21001          322
     21013          326
     21026          328
     21039          334
     21051          334
     21063          339
     21075          345
     21088          344
     21101          349
     21113          349
     21126          344
     21138          349
     21150          338
     21164          330
     21176          327
     21188          318
     21200          321
     21213          319
     21226          317
     21238          323
     21251          323
     21263          329
     21275          335
     21287          333
     21301          339
     21313          339
     21325          337
     21338          340
     21350          337
     21363          339
     21376          340
     21388          334
     21400          339
     21412          336
     21426          334
     21438          339
     21450          337
     21463          340
     21475          344
     21487          341
     21500          347
     21513          351
     21525          354
     21537          364
     21550          374
     21563          379
     21575          378
     21587          358
     21600          350
     21612          339
     21625          336
     21638          340
     21650          335
     21662          340
     21675          341
     21687          308
     21700          387
     21712          572
     21725          638
     21737          413
     21749          331
     21763          335
     21775          328
     21787          326
     21799          333
     21812          334
     21825          335
     21837          342
     21850          342
     21862          348
     21874          351
     21886          351
     21900          361
     21912          362
     21924          367
     21937          375
     21949          368
     21962          371
     21975          369
     21987          357
     21999          352
     22011          342
     22025          335
     22037          337
     22049          330
     22062          336
     22074          337
     22086          336
     22099          344
     22112          342
     22124          346
     22136          350
     22149          346
     22162          349
     22174          347
     22187          344
     22199          346
     22211          341
     22224          339
     22237          344
     22249          337
     22261          341
     22274          338
     22286          335
     22299          343
     22311          344
     22324          345
     22336          354
     22348          362
     22362          367
     22374          361
     22386          340
     22398          336
     22411          324
     22424          323
     22436          324
     22449          320
     22461          326
     22473          325
     22486          296
     22499          364
     22511          552
     22523          621
     22536          395
     22548          325
     22561          319
     22574          310
     22586          313
     22598          322
     22610          319
     22624          324
     22636          330
     22648          326
     22661          334
     22673          339
     22685          339
     22699          348
     22711          349
     22723          352
     22735          357
     22748          353
     22761          354
     22773          351
     22786          341
     22798          336
     22810          326
     22823          324
     22836          322
     22848          317
     22860          321
     22873          322
     22885          325
     22898          334
     22910          330
     22923          333
     22935          337
     22947          333
     22961          336
     22973          331
     22985          330
     22998          334
     23010          329
     23023          330
     23035          332
     23048          329
     23060          331
     23072          329
     23085          334
     23098          343
     23110          346
     23122          357
     23135          360
     23147          349
     23160          336
     23173          325
     23185          317
     23197          321
     23209          317
     23223          320
     23235          322
     23247          313
     23260          294
     23272          383
     23284          573
     23298          589
     23310          367
     23322          318
     23334          313
     23347          306
     23360          314
     23372          314
     23385          317
     23397          323
     23409          321
     23422          328
     23435          331
     23447          331
     23459          342
     23472          342
     23484          345
     23497          352
     23510          350
     23522          353
     23534          352
     23546          346
     23560          343
     23572          333
     23584          326
     23597          325
     23609          319
     23622          324
     23634          325
     23647          325
     23659          333
     23671          332
     23684          336
     23697          339
     23709          336
     23721          341
     23734          340
     23746          337
     23759          339
     23772          336
     23784          334
     23796          338
     23809          333
     23822          335
     23834          333
     23846          331
     23859          337
     23871          333
     23883          335
     23897          340
     23909          342
     23921          350
     23933          362
     23946          362
     23959          367
     23971          350
     23984          336
     23996          329
     24008          322
     24022          324
     24034          325
     24046          323
     24058          329
     24071          312
     24083          318
     24096          469
     24109          643
     24121          507
     24133          330
     24145          318
     24159          317
     24171          312
     24183          315
     24196          320
     24208          319
     24221          327
     24233          329
     24246          330
     24258          340
     24270          340
     24283          344
     24296          351
     24308          353
     24321          359
     24333          357
     24345          355
     24358          358
     24371          350
     24383          343
     24395          336
     24408          326
     24421          326
     24433          325
     24445          324
     24458          331
     24470          328
     24482          335
     24496          340
     24508          339
     24520          343
     24532          344
     24545          342
     24558          345
     24570          341
     24583          342
     24595          340
     24607          336
     24621          340
     24633          337
     24645          334
     24657          339
     24670          335
     24682          337
     24695          338
     24708          335
     24720          338
     24732          338
     24744          341
     24758          349
     24770          348
     24782          361
     24795          367
     24807          365
     24820          357
     24833          341
     24845          331
     24857          328
     24869          323
     24882          328
     24895          330
     24907          326
     24920          320
     24932          309
     24944          439
     24957          635
     24970          527
     24982          347
     24994          325
     25007          313
     25020          317
     25032          319
     25044          320
     25057          324
     25069          325
     25081          332
     25095          336
     25107          336
     25119          343
     25132          345
     25144          350
     25157          354
     25169          355
     25182          362
     25194          359
     25206          353
     25220          357
     25232          343
     25244          335
     25256          331
     25269          323
     25281          326
     25294          328
     25307          325
     25319          333
     25331          331
     25344          333
     25357          341
     25369          338
     25381          342
     25394          342
     25406          338
     25419          343
     25432          340
     25444          340
     25456          341
     25468          335
     25481          341
     25494          339
     25506          336
     25519          343
     25531          340
     25543          346
     25556          355
     25569          357
     25581          371
     25593          370
     25606          364
     25619          353
     25631          335
     25644          329
     25656          332
     25668          326
     25680          331
     25694          329
     25706          325
     25718          304
     25731          364
     25743          554
     25756          622
     25768          397
     25781          327
     25793          319
     25805          312
     25819          320
     25831          317
     25843          323
     25856          327
     25868          325
     25880          334
     25893          334
     25906          336
     25918          345
     25930          343
     25943          349
     25956          353
     25968          348
     25980          354
     25993          348
     26005          347
     26018          346
     26031          333
     26043          329
     26055          323
     26067          320
     26080          322
     26093          321
     26105          322
     26118          329
     26130          327
     26142          333
     26156          335
     26168          332
     26180          338
     26192          334
     26205          331
     26218          335
     26230          328
     26243          330
     26255          330
     26267          329
     26279          332
     26293          328
     26305          327
     26317          331
     26330          328
     26342          333
     26355          340
     26368          341
     26380          359
     26392          355
     26404          356
     26418          346
     26430          327
     26442          317
     26455          314
     26467          311
     26479          316
     26492          315
     26505          312
     26517          299
     26529          307
     26542          461
     26555          631
     26567          469
     26579          319
     26592          305
     26604          300
     26617          306
     26630          305
     26642          312
     26654          316
     26667          317
     26679          324
     26692          325
     26704          329
     26717          336
     26729          337
     26741          345
     26755          349
     26767          350
     26779          356
     26791          354
     26804          352
     26817          351
     26829          339
     26842          333
     26854          327
     26866          322
     26878          325
     26892          323
     26904          326
     26916          331
     26929          330
     26941          337
     26954          340
     26967          340
     26979          345
     26991          341
     27003          341
     27017          342
     27029          335
     27041          337
     27054          337
     27066          335
     27078          337
     27091          335
     27104          336
     27116          337
     27128          336
     27141          344
     27154          349
     27166          353
     27179          370
     27191          370
     27203          369
     27216          358
     27229          340
     27241          332
     27253          329
     27266          327
     27278          332
     27291          329
     27303          330
     27316          318
     27328          334
     27340          496
     27354          651
     27366          480
     27378          339
     27390          326
     27403          322
     27416          324
     27428          322
     27441          329
     27453          330
     27465          331
     27478          341
     27491          339
     27503          340
     27515          348
     27528          348
     27540          355
     27553          356
     27566          359
     27578          364
     27590          356
     27602          358
     27616          353
     27628          340
     27640          336
     27653          329
     27665          324
     27677          328
     27691          324
     27703          328
     27715          332
     27727          331
     27740          343
     27753          342
     27765          343
     27778          347
     27790          344
     27802          343
     27815          348
     27828          342
     27840          344
     27852          339
     27865          338
     27877          341
     27890          340
     27902          340
     27915          340
     27927          340
     27939          350
     27953          353
     27965          362
     27977          368
     27990          367
     28002          358
     28015          341
     28027          330
     28040          329
     28052          326
     28064          326
     28077          331
     28090          327
     28102          318
     28114          318
     28127          452
     28139          638
     28152          513
     28165          350
     28177          329
     28189          317
     28201          321
     28215          323
     28227          323
     28239          330
     28252          332
     28264          334
     28276          343
     28290          342
     28302          349
     28314          352
     28326          352
     28339          361
     28352          357
     28364          360
     28377          360
     28389          354
     28401          354
     28414          347
     28427          336
     28439          336
     28451          328
     28464          327
     28476          330
     28489          327
     28502          332
     28514          333
     28526          335
     28538          340
     28552          337
     28564          339
     28576          340
     28589          333
     28601          335
     28614          334
     28626          332
     28639          335
     28651          331
     28663          331
     28676          336
     28689          336
     28701          345
     28713          349
     28726          357
     28738          365
     28751          357
     28764          339
     28776          331
     28788          318
     28801          321
     28814          319
     28826          319
     28838          322
     28851          320
     28863          296
     28875          355
     28889          530
     28901          620
     28913          401
     28925          316
     28938          316
     28951          305
     28963          310
     28976          315
     28988          314
     29000          321
     29014          323
     29026          324
     29038          330
     29050          331
     29063          336
     29075          341
     29088          341
     29101          348
     29113          346
     29125          346
     29137          352
     29151          345
     29163          339
     29175          332
     29188          323
     29200          322
     29213          318
     29225          318
     29238          323
     29250          321
     29262          325
     29275          330
     29288          329
     29300          335
     29313          336
     29325          335
     29337          337
     29350          334
     29363          333
     29375          333
     29387          329
     29400          333
     29413          333
     29425          332
     29437          335
     29450          330
     29462          332
     29474          334
     29488          335
     29500          345
     29512          348
     29524          361
     29537          365
     29550          355
     29562          343
     29575          332
     29587          318
     29599          321
     29613          320
     29625          320
     29637          324
     29649          318
     29662          297
     29674          355
     29687          530
     29700          635
     29712          407
     29724          314
     29736          318
     29750          306
     29762          311
     29774          312
     29787          313
     29799          321
     29812          322
     29825          325
     29837          332
     29849          330
     29861          336
     29874          342
     29887          343
     29899          349
     29912          348
     29924          348
     29936          352
     29949          345
     29962          343
     29974          336
     29986          324
     29999          323
     30012          319
