    2         80.1
    3         81.4
    4         78.3
    5         68.2
    6         64.0
    7         75.9
    8         77.1
    9         72.9
   10         71.8
   11         78.3
   12         79.5
   13         73.9
   14         71.1
   15         77.6
   16         80.0
   17         76.4
   18         71.7
   19         78.8
   20         77.5
   21         76.3
   22         77.6
   23         80.0
   24         80.1
   25         74.0
   26         76.3
   27         81.5
   28         77.5
   29         77.5
   30         80.1
   31         80.1
   32         76.3
   33         72.9
   34         80.1
   35         78.7
   36         75.1
   37         74.0
   38         80.2
   39         81.5
