    1     3.14e+02
    2         74.8
    3         79.7
    4         81.9
    5         80.8
    6         71.8
    7         73.9
    8         80.8
    9         80.8
   10         75.9
   11         75.9
   12         78.4
   13         75.9
   14         71.4
   15         74.0
   16         80.2
   17         76.2
   18         74.0
   19         75.2
   20         76.2
   21         70.7
   22         71.9
   23         76.2
   24         69.7
   25         66.7
   26         76.4
   27         75.1
   28         72.8
   29         75.1
   30         77.6
   31         72.7
   32         70.8
   33         76.3
   34         73.9
   35         75.1
   36         76.4
   37         78.7
   38         75.1
