    2          936
    3          800
    4          755
    5          778
    6          824
    7          754
    8          744
    9          789
   10          847
   11          847
   12          777
   13          822
   14          898
   15          912
   16          798
   17          761
   18          812
   19          848
   20          799
   21          736
   22          774
   23          811
   24          861
   25          787
   26          748
   27          799
   28          837
   29          786
   30          773
   31          811
   32          875
   33          823
   34          774
   35          836
   36          873
   37          799
   38          774
   39          836
   40          899
   41          811
   42          774
   43          836
   44          849
   45          786
   46          774
   47          848
   48          887
   49          798
   50          799
   51          898
   52          811
   53          774
   54          836
   55          849
   56          786
   57          837
   58          886
   59          811
   60          798
   61          874
   62          849
   63          786
   64          836
   65          873
   66          799
   67          774
   68          823
   69          825
   70          761
   71          798
   72          837
   73          786
