    2          845
    3          824
    4          767
    5          743
    6          732
    7          697
    8          664
    9          664
   10          663
   11          675
   12          687
   13          709
   14          785
   15          849
   16          861
   17          874
   18          885
   19          875
   20          823
   21          787
   22          736
   23          724
   24          724
   25          723
   26          762
   27          786
   28          799
   29          811
   30          823
   31          837
   32          773
   33          762
   34          748
   35          749
   36          699
   37          698
   38          688
   39          686
   40          711
   41          761
   42          799
   43          837
   44          835
   45          899
   46          886
   47          849
   48          886
   49          848
   50          787
   51          748
   52          737
   53          736
   54          712
   55          698
   56          712
   57          748
   58          749
   59          749
   60          773
   61          799
   62          825
   63          798
   64          799
   65          761
   66          736
   67          699
   68          699
   69          686
   70          699
   71          686
   72          687
   73          711
   74          724
   75          736
   76          724
   77          737
   78          748
