    2          676
    3          720
    4          801
    5          823
    6          836
    7          834
    8          823
    9          825
   10          812
   11          767
   12          754
   13          755
   14          740
   15          749
   16          736
   17          737
   18          736
   19          748
   20          762
   21          773
   22          799
   23          749
   24          711
   25          724
   26          749
   27          774
   28          773
   29          762
   30          761
   31          762
   32          748
   33          749
   34          711
   35          712
   36          686
   37          674
   38          674
   39          649
   40          649
   41          662
   42          661
   43          674
   44          724
   45          698
   46          662
   47          637
   48          661
   49          686
   50          699
   51          711
   52          712
   53          711
   54          711
   55          686
   56          688
   57          661
   58          662
   59          623
   60          649
   61          624
   62          637
   63          636
   64          661
   65          650
   66          611
   67          611
   68          637
   69          686
   70          712
   71          736
   72          749
   73          748
   74          750
   75          710
   76          700
   77          674
   78          649
   79          636
   80          624
   81          612
   82          623
   83          637
   84          636
   85          649
   86          599
   87          612
   88          637
   89          686
   90          711
   91          749
   92          749
   93          736
   94          736
   95          724
   96          712
   97          686
   98          661
   99          650
  100          636
  101          636
  102          625
  103          624
  104          623
  105          625
  106          586
  107          599
  108          612
  109          648
  110          700
  111          736
  112          736
  113          761
  114          737
  115          711
  116          712
  117          686
  118          699
  119          662
  120          661
  121          648
  122          637
  123          649
  124          636
  125          649
  126          587
  127          599
  128          612
  129          637
  130          698
  131          712
  132          724
  133          736
  134          724
  135          710
  136          674
  137          662
  138          624
  139          636
  140          612
  141          612
  142          624
  143          623
  144          649
  145          637
  146          599
  147          595
  148          635
  149          717
  150          798
  151          824
  152          825
  153          811
  154          798
  155          770
  156          745
  157          675
  158          663
  159          635
  160          608
  161          609
  162          622
  163          608
  164          595
  165          608
  166          595
  167          569
  168          580
  169          623
  170          676
  171          716
  172          744
  173          757
  174          730
  175          743
  176          704
  177          662
  178          648
  179          636
  180          609
  181          608
  182          608
  183          582
  184          595
  185          595
  186          581
  187          567
  188          569
  189          567
  190          595
  191          649
  192          676
  193          704
  194          730
  195          716
  196          731
  197          689
  198          662
  199          663
  200          635
  201          608
  202          609
  203          608
  204          609
  205          595
  206          621
  207          582
  208          582
  209          580
  210          582
  211          621
  212          650
  213          703
  214          730
  215          716
  216          758
  217          730
  218          676
  219          662
  220          635
  221          609
  222          595
  223          581
  224          581
  225          582
  226          582
  227          580
  228          555
  229          554
  230          568
  231          595
  232          649
  233          689
  234          717
  235          758
  236          770
  237          730
  238          690
  239          621
  240          609
  241          595
  242          595
  243          581
  244          581
  245          568
  246          582
  247          554
  248          554
  249          540
  250          555
  251          595
  252          690
  253          756
  254          812
  255          811
  256          785
  257          783
  258          784
  259          731
  260          689
  261          677
  262          648
  263          636
  264          621
  265          608
  266          610
  267          608
  268          608
  269          595
  270          581
  271          649
  272          743
  273          785
  274          825
  275          811
  276          811
  277          798
  278          784
  279          744
  280          689
  281          676
  282          649
  283          608
  284          608
  285          582
  286          582
  287          581
  288          568
  289          554
  290          555
  291          581
  292          608
  293          690
  294          771
  295          811
  296          824
  297          825
  298          811
  299          785
  300          770
  301          730
  302          703
  303          676
  304          676
  305          649
  306          649
  307          635
  308          650
  309          621
  310          582
  311          567
  312          595
  313          704
  314          784
  315          824
  316          825
  317          812
  318          783
  319          771
  320          743
  321          731
  322          703
  323          676
  324          649
  325          635
  326          623
  327          648
  328          636
  329          608
  330          567
  331          582
  332          595
  333          621
  334          650
  335          675
  336          677
  337          703
  338          689
  339          690
  340          676
  341          662
  342          635
  343          623
  344          608
  345          582
  346          580
  347          569
  348          568
  349          567
  350          569
  351          554
  352          540
  353          554
  354          595
  355          623
  356          662
  357          731
  358          715
