    2          668
    3          681
    4          686
    5          675
    6          686
    7          698
    8          698
    9          709
   10          744
   11          823
   12          858
   13          882
   14          914
   15          903
   16          885
   17          887
   18          848
   19          837
   20          748
   21          699
   22          636
   23          650
   24          661
   25          686
   26          700
   27          710
   28          724
   29          749
   30          749
   31          724
   32          723
   33          724
   34          712
   35          686
   36          724
   37          736
   38          750
   39          748
   40          761
   41          749
   42          724
   43          673
   44          650
   45          649
   46          649
   47          648
   48          637
   49          637
   50          636
   51          637
   52          611
   53          624
   54          599
   55          599
   56          599
   57          649
   58          712
   59          823
   60          849
   61          823
   62          837
   63          811
   64          736
   65          662
   66          649
   67          648
   68          637
   69          649
   70          636
   71          637
   72          612
   73          623
   74          599
   75          613
   76          585
   77          599
   78          587
   79          611
   80          687
   81          737
   82          798
   83          811
   84          811
   85          737
   86          674
   87          674
   88          699
   89          686
   90          687
   91          686
   92          674
   93          661
   94          662
   95          637
   96          623
   97          612
   98          599
   99          611
  100          637
  101          712
  102          760
  103          811
  104          825
  105          823
  106          749
  107          686
  108          661
  109          649
  110          662
  111          637
  112          636
  113          637
  114          636
  115          624
  116          624
  117          623
  118          613
  119          623
  120          612
  121          649
  122          674
  123          711
  124          737
  125          761
  126          687
  127          636
  128          624
  129          648
  130          674
  131          662
  132          661
  133          662
  134          649
  135          649
  136          648
  137          625
  138          624
  139          636
  140          636
  141          662
  142          674
  143          699
  144          724
  145          761
  146          768
  147          770
  148          717
  149          649
  150          621
  151          609
  152          622
  153          649
  154          649
  155          649
  156          649
  157          635
  158          636
  159          622
  160          621
  161          609
  162          635
  163          676
  164          744
  165          825
  166          852
  167          824
  168          798
  169          798
  170          743
  171          743
  172          663
  173          649
  174          636
  175          635
  176          636
  177          621
  178          636
  179          622
  180          621
  181          609
  182          609
  183          581
  184          581
  185          595
  186          663
  187          770
  188          852
  189          825
  190          783
  191          798
  192          730
  193          730
  194          677
  195          689
  196          676
  197          689
  198          663
  199          662
  200          650
  201          636
  202          621
  203          608
  204          609
  205          608
  206          622
  207          622
  208          636
  209          635
  210          649
  211          663
  212          662
  213          649
  214          609
  215          594
  216          595
  217          595
  218          609
  219          608
  220          621
  221          622
  222          609
  223          609
  224          608
  225          595
  226          595
  227          595
  228          595
  229          634
  230          691
  231          770
  232          784
  233          784
  234          757
  235          717
  236          689
  237          623
  238          621
  239          635
  240          623
  241          635
  242          622
  243          622
  244          595
  245          608
  246          595
  247          582
  248          567
  249          608
  250          623
  251          676
  252          716
  253          757
  254          757
  255          758
  256          743
  257          649
  258          595
  259          608
  260          609
  261          621
  262          609
  263          622
  264          622
  265          621
  266          610
