    2          916
    3          881
    4          869
    5          847
    6          812
    7          790
    8          755
    9          744
   10          709
   11          663
   12          664
   13          747
   14         1235
   15          899
   16          985
   17          986
   18          999
   19          961
   20          848
   21          937
   22          961
   23          936
   24          923
   25          886
   26          849
   27          823
   28          812
   29          799
   30          811
   31          761
   32          748
   33          724
   34          712
   35          712
   36          724
   37          736
   38          748
   39          749
   40          762
   41          723
   42          649
   43          649
   44          674
   45          699
   46          737
   47          723
   48          724
   49          711
   50          712
   51          686
   52          686
   53         1349
   54          686
   55          698
   56          712
   57          724
   58          748
   59          762
   60          736
   61          737
   62          686
   63          637
   64          623
   65          650
   66          673
   67          686
   68          712
   69          724
   70          736
   71          737
   72         1472
   73          674
   74          674
   75          673
   76          700
