    2          701
    3          743
    4          743
    5          710
    6          641
    7          617
    8          629
    9          641
   10          686
   11          710
   12          652
   13          618
   14          595
   15          583
   16          611
   17          649
   18          674
   19          710
   20          700
   21          673
   22          624
   23          637
   24          662
   25          711
   26          749
   27          748
   28          674
   29          662
   30          611
   31          612
   32          624
   33          649
   34          662
   35          623
   36          612
   37          611
   38          612
   39          686
   40          699
   41          762
   42          811
   43          736
   44          699
   45          648
   46          662
   47          649
   48          686
   49          662
   50          637
   51          611
   52          599
   53          611
   54          637
   55          662
   56          710
   57          724
   58          674
   59          649
   60          612
   61          599
   62          624
   63          649
   64          674
   65          699
   66          686
   67          674
   68          649
   69          661
   70          674
   71          687
   72          686
   73          650
   74          623
   75          599
   76          612
   77          636
   78          650
   79          673
   80          662
   81          661
   82          624
   83          624
   84          624
   85          649
   86          661
   87          687
   88          662
   89          636
   90          611
   91          612
   92          636
   93          662
   94          686
   95          687
   96          674
   97          673
   98          686
   99          749
  100          750
  101          724
  102          723
  103          661
  104          637
  105          599
  106          587
  107          599
  108          611
  109          649
  110          674
  111          649
  112          636
  113          637
  114          648
  115          687
  116          687
  117          711
  118          674
  119          649
  120          624
  121          611
  122          599
  123          637
  124          649
  125          674
  126          686
  127          674
  128          674
  129          687
  130          660
  131          650
  132          611
  133          599
  134          574
  135          575
  136          573
  137          637
  138          612
  139          661
  140          686
  141          712
  142          674
  143          649
  144          636
  145          649
  146          662
  147          661
  148          662
  149          649
  150          611
  151          587
  152          573
  153          565
  154          582
  155          608
  156          622
  157          608
  158          608
  159          582
  160          568
  161          568
  162          621
  163          636
  164          689
  165          717
  166          689
  167          650
  168          635
  169          635
  170          609
  171          622
  172          608
  173          595
  174          582
  175          567
  176          554
  177          555
  178          582
  179          580
  180          609
  181          636
  182          621
  183          608
  184          582
  185          595
  186          595
  187          622
  188          635
  189          622
  190          595
  191          568
  192          568
  193          555
  194          580
  195          623
  196          608
  197          635
  198          636
  199          621
  200          582
  201          568
  202          568
  203          581
  204          582
  205          608
  206          608
  207          622
  208          595
  209          568
  210          568
  211          581
  212          582
  213          580
  214          595
  215          582
  216          568
  217          568
  218          554
  219          555
  220          595
  221          595
  222          621
  223          622
  224          608
  225          609
  226          567
  227          569
  228          580
  229          569
  230          581
  231          568
  232          581
  233          568
  234          541
  235          541
  236          554
  237          554
  238          568
  239          582
  240          595
  241          580
  242          569
  243          554
  244          554
  245          541
  246          568
  247          568
  248          595
  249          622
  250          621
  251          595
  252          582
  253          581
  254          581
  255          636
  256          621
  257          650
  258          662
  259          622
  260          595
  261          581
  262          569
  263          595
  264          580
  265          582
  266          581
  267          581
  268          555
  269          554
  270          554
  271          542
  272          580
  273          582
  274          608
  275          636
  276          608
  277          609
  278          581
  279          581
  280          595
  281          595
  282          595
  283          595
  284          595
  285          581
  286          554
  287          569
  288          553
  289          595
  290          595
  291          622
  292          636
  293          621
  294          595
  295          582
  296          582
  297          608
  298          608
  299          622
  300          608
  301          609
  302          581
  303          568
  304          554
  305          554
  306          568
  307          568
  308          568
  309          568
  310          568
  311          554
  312          568
  313          554
  314          623
  315          608
  316          621
  317          636
  318          609
  319          594
  320          568
  321          555
  322          540
  323          554
  324          554
  325          555
  326          568
  327          568
  328          581
  329          568
  330          568
  331          554
  332          554
  333          569
  334          595
  335          580
  336          568
  337          568
  338          541
  339          554
  340          568
  341          555
  342          567
  343          555
  344          554
  345          541
  346          540
  347          528
  348          540
  349          541
  350          555
  351          567
  352          569
  353          581
  354          568
  355          554
  356          555
  357          554
  358          608
  359          595
  360          608
  361          595
  362          595
  363          554
  364          555
  365          541
  366          540
  367          528
  368          540
  369          541
  370          541
  371          527
  372          541
  373          527
  374          541
  375          541
  376          581
  377          595
  378          649
  379          676
  380          649
  381          622
  382          581
  383          595
  384          582
  385          581
  386          581
  387          569
  388          540
  389          554
  390          554
  391          555
  392          554
