    2          749
    3          706
    4          686
    5          745
    6          880
    7         1018
    8          847
    9          766
   10          824
   11          938
   12         1007
   13          956
   14          774
   15          724
   16          686
   17          724
   18          886
   19         1024
   20          911
   21          786
   22          724
   23          724
   24          761
   25         1024
   26          910
   27          762
   28          698
   29          712
   30          774
   31          823
   32          799
   33          762
   34          711
   35          711
   36          787
   37          936
   38          898
   39          749
   40          711
   41          699
   42          724
   43          811
   44          862
   45          760
   46          712
   47          686
   48          700
   49          748
   50          849
   51          873
   52          787
   53          736
   54          711
   55          699
   56          761
   57          824
   58          786
   59          737
   60          711
   61          687
   62          736
   63          823
   64          799
   65          749
   66          711
   67          712
   68          723
   69          774
   70          861
   71          849
   72          736
   73          712
   74          674
   75          698
   76          762
   77          886
   78          748
   79          724
   80          686
   81          688
   82          723
   83          824
   84          923
   85          836
   86          736
   87          712
   88          699
   89          723
   90          825
   91          848
   92          749
   93          712
   94          710
   95          749
   96          837
   97          798
   98          737
   99          723
  100          687
  101          673
  102          675
  103          723
  104          824
  105          849
  106          773
  107          687
  108          674
  109          649
  110          699
  111          773
  112          750
  113          710
  114          712
  115          774
  116          861
  117          948
  118          824
  119          762
  120          724
  121          723
  122          761
  123          811
  124          811
  125          762
  126          737
  127          698
  128          749
  129          799
  130          848
  131          766
  132          730
  133          716
  134          717
  135          771
  136          811
  137          797
  138          744
  139          703
  140          690
  141          675
  142          704
  143          824
  144          906
  145          879
  146          784
  147          717
  148          730
  149          770
  150          811
  151          730
  152          717
  153          676
  154          717
  155          771
  156          824
  157          757
  158          730
  159          704
  160          689
  161          743
  162          839
  163          771
  164          743
  165          703
  166          676
  167          690
  168          730
  169          824
  170          852
  171          771
  172          716
  173          690
  174          676
  175          689
  176          758
  177          798
  178          743
  179          703
  180          675
  181          677
  182          730
  183          784
  184          717
  185          716
  186          690
  187          743
  188          798
  189          812
  190          783
  191          745
  192          715
  193          704
  194          676
  195          716
  196          770
  197          772
  198          730
  199          730
  200          689
  201          690
  202          716
  203          784
  204          826
  205          743
  206          716
  207          690
  208          717
  209          757
  210          811
  211          771
  212          730
  213          715
  214          677
  215          716
  216          745
  217          797
  218          757
  219          730
  220          689
  221          690
  222          703
  223          743
  224          771
  225          770
  226          731
  227          703
  228          704
  229          743
  230          811
  231          811
  232          771
  233          730
  234          716
  235          758
  236          811
  237          784
  238          757
  239          730
  240          689
  241          677
  242          702
  243          744
  244          865
  245          825
  246          731
  247          702
  248          690
  249          689
  250          785
  251          837
  252          758
  253          663
  254          662
  255          663
  256          689
  257          784
  258          811
  259          757
  260          717
  261          689
  262          677
  263          716
  264          757
  265          798
  266          757
  267          717
  268          689
  269          703
  270          730
  271          798
  272          743
  273          717
  274          689
  275          690
  276          730
  277          797
  278          866
  279          784
  280          717
  281          702
  282          690
  283          717
  284          784
  285          797
  286          758
  287          730
  288          689
  289          704
  290          716
  291          797
  292          730
  293          717
  294          689
  295          717
  296          785
  297          838
  298          798
  299          730
  300          702
  301          676
  302          676
  303          704
  304          771
  305          811
  306          730
  307          716
  308          730
  309          784
  310          825
  311          851
  312          745
  313          716
  314          690
  315          702
  316          744
  317          771
  318          743
