    2          635
    3          702
    4          767
    5          823
    6          847
    7          823
    8          801
    9          767
   10          720
   11          687
   12          640
   13          595
   14          595
   15          608
   16          675
   17          748
   18          836
   19          861
   20          837
   21          835
   22          799
   23          774
   24          724
   25          686
   26          637
   27          612
   28          599
   29          611
   30          649
   31          749
   32          798
   33          811
   34          862
   35          824
   36          786
   37          761
   38          699
   39          687
   40          636
   41          612
   42          611
   43          636
   44          687
   45          761
   46          786
   47          811
   48          824
   49          786
   50          749
   51          724
   52          687
   53          648
   54          637
   55          587
   56          586
   57          612
   58          674
   59          760
   60          837
   61          873
   62          824
   63          824
   64          773
   65          736
   66          688
   67          661
   68          624
   69          586
   70          587
   71          599
   72          662
   73          835
   74          837
   75          823
   76          825
   77          811
   78          786
   79          749
   80          686
   81          673
   82          612
   83          586
