    2          593
    3          615
    4          617
    5          675
    6          697
    7          710
    8          686
    9          664
   10          641
   11          663
   12          686
   13          721
   14          732
   15          721
   16          707
   17          661
   18          624
   19          611
   20          599
   21          612
   22          624
   23          648
   24          662
   25          649
   26          649
   27          624
   28          611
   29          599
   30          613
   31          636
   32          699
   33          724
   34          736
   35          711
   36          674
   37          649
   38          649
   39          662
   40          698
   41          687
   42          686
   43          662
   44          623
   45          612
   46          586
   47          575
   48          574
   49          586
   50          599
   51          637
   52          649
   53          648
   54          637
   55          612
   56          599
   57          611
   58          612
   59          636
   60          674
   61          687
   62          674
   63          661
   64          636
   65          612
   66          612
   67          599
   68          586
   69          612
   70          624
   71          623
   72          625
   73          599
   74          599
   75          574
   76          586
   77          587
   78          611
   79          650
   80          698
   81          724
   82          724
   83          674
   84          637
   85          611
   86          599
   87          599
   88          599
   89          599
   90          587
   91          573
   92          575
   93          561
   94          550
