    2          656
    3          758
    4          880
    5          916
    6          903
    7          893
    8          858
    9          834
   10          812
   11          767
   12          733
   13          686
   14          668
   15          637
   16          599
   17          587
   18          599
   19          636
   20          686
   21          750
   22          798
   23          862
   24          847
   25          837
   26          823
   27          811
   28          787
   29          736
   30          687
   31          648
   32          613
   33          585
   34          613
   35          623
   36          737
   37          861
   38          936
   39          948
   40          887
   41          886
   42          873
   43          849
   44          799
   45          736
   46          712
   47          673
   48          649
   49          612
   50          624
   51          661
   52          761
   53          873
   54          962
   55          886
   56          873
   57          861
   58          837
   59          811
   60          774
   61          736
   62          699
   63          673
   64          662
   65          611
   66          613
   67          648
   68          774
   69          849
   70          898
   71          837
   72          835
   73          837
   74          811
   75          774
   76          736
   77          698
   78          674
   79          649
