    2          660
    3          641
    4          606
    5          584
    6          584
    7          571
    8          572
    9          607
   10          652
   11          732
   12          801
   13          834
   14          836
   15          790
   16          771
   17          736
   18          724
   19          699
   20          674
   21          661
   22          674
   23          699
   24          724
   25          724
   26          711
   27          686
   28          650
   29          635
   30          613
   31          623
   32          662
   33          712
   34          785
   35          861
   36          874
   37          824
   38          773
   39          750
   40          724
   41          673
   42          636
   43          625
   44          648
   45          687
   46          711
   47          712
   48          711
   49          686
   50          650
   51          611
   52          599
   53          599
   54          599
   55          637
   56          686
   57          761
   58          824
   59          824
   60          798
   61          774
   62          711
   63          675
   64          623
   65          612
   66          611
   67          611
   68          637
   69          650
   70          673
   71          674
   72          662
   73          623
   74          599
   75          587
   76          575
   77          573
   78          587
   79          611
   80          675
   81          698
   82          761
   83          762
   84          724
   85          661
   86          624
   87          599
   88          587
