    2          912
    3          938
    4          944
    5          950
    6          938
    7          893
    8          858
    9          800
   10          766
   11          721
   12          696
   13          660
   14          649
   15          662
   16          674
   17          724
   18          786
   19          849
   20          898
   21          924
   22          961
   23          999
   24          972
   25          924
   26          911
   27          848
   28          812
   29          761
   30          724
   31          674
   32          661
   33          650
   34          673
   35          712
   36          749
   37          798
   38          811
   39          874
   40          876
   41          912
   42          936
   43          911
   44          898
   45          861
   46          824
   47          786
   48          762
   49          715
   50          712
   51          662
   52          636
   53          636
   54          662
   55          674
   56          736
   57          824
   58          861
   59          911
   60          912
   61          974
   62          910
   63          887
   64          848
   65          824
   66          787
   67          736
   68          698
   69          686
   70          675
   71          674
   72          674
   73          698
   74          724
   75          762
